Example_Dataset/contamination rasters/IDW1.asc
ncols        354
nrows        251
xllcorner    35034898.218770
yllcorner    54060095.809248
cellsize     6.802719999999
NODATA_value -9999
[rows 108 to 125 of 251, columns 120 to 159 of 354]
6.93896484375 6.9598608016967773438 6.9803891181945800781 7.1224236488342285156 7.1341595649719238281 7.1462411880493164062 7.1588721275329589844 7.1722259521484375 6.9540228843688964844 6.9746842384338378906 7.3430767059326171875 7.3526968955993652344 7.3620710372924804688 7.37020111083984375 7.3757510185241699219 7.3772516250610351562 7.3734989166259765625 7.3639822006225585938 7.3490753173828125 7.3298439979553222656 7.3076333999633789062 7.283687591552734375 7.3821687698364257812 7.4837603569030761719 7.32607269287109375 7.2975230216979980469 7.2691082954406738281 7.2407817840576171875 7.2124600410461425781 7.1840424537658691406 7.1554265022277832031 7.126514434814453125 7.0972218513488769531 7.0674810409545898438 7.0372447967529296875 7.0064892768859863281 6.9752149581909179688 6.9434528350830078125 6.9089155197143554688 6.8727102279663085938
6.9957871437072753906 7.0165667533874511719 7.0370845794677734375 7.1793971061706542969 7.1914391517639160156 7.2040286064147949219 7.2174296379089355469 7.2318944931030273438 7.0174069404602050781 7.3954677581787109375 7.4067811965942382812 7.4191226959228515625 7.4318494796752929688 7.4437508583068847656 7.4529652595520019531 7.4572024345397949219 7.4544272422790527344 7.4437670707702636719 7.4259390830993652344 7.4028019905090332031 7.3764786720275878906 7.4665594100952148438 7.5604114532470703125 7.5321478843688964844 7.5038585662841796875 7.475616455078125 7.3178253173828125 7.2883725166320800781 7.2590985298156738281 7.2298798561096191406 7.2005972862243652344 7.1711440086364746094 7.1414294242858886719 7.1113824844360351562 7.0809540748596191406 7.0501198768615722656 7.0188803672790527344 6.9847583770751953125 6.9490284919738769531 6.9131422042846679688
7.0530414581298828125 7.0734858512878417969 7.0937514305114746094 7.2360568046569824219 7.2481188774108886719 7.2609071731567382812 7.2747516632080078125 7.289997100830078125 7.4436469078063964844 7.4549241065979003906 7.4681677818298339844 7.4833378791809082031 7.4999418258666992188 7.5166845321655273438 7.5310940742492675781 7.5395483970642089844 7.5383882522583007812 7.5259852409362792969 7.5038328170776367188 7.582874298095703125 7.5538020133972167969 7.6378254890441894531 7.6081194877624511719 7.578502655029296875 7.5491299629211425781 7.5200133323669433594 7.4910879135131835938 7.4622521400451660156 7.4333934783935546875 7.2749896049499511719 7.2452006340026855469 7.2153363227844238281 7.1853003501892089844 7.1550188064575195312 7.1244406700134277344 7.0929265022277832031 7.0585656166076660156 7.0239834785461425781 6.9886646270751953125 6.9529709815979003906
7.4555501937866210938 7.4668412208557128906 7.477718353271484375 7.63825225830078125 7.6469092369079589844 7.6555275917053222656 7.6643610000610351562 7.6736822128295898438 7.4996461868286132812 7.5116868019104003906 7.5264554023742675781 7.5442676544189453125 7.5650572776794433594 7.5878248214721679688 7.609683990478515625 7.6249871253967285156 7.6266422271728515625 7.611209869384765625 7.6748595237731933594 7.6430830955505371094 7.6094760894775390625 7.6842679977416992188 7.6531395912170410156 7.6225080490112304688 7.5924010276794433594 7.5627379417419433594 7.5333924293518066406 7.5042252540588378906 7.4751019477844238281 7.4458990097045898438 7.4165091514587402344 7.3868427276611328125 7.2287917137145996094 7.1983475685119628906 7.1656289100646972656 7.1314711570739746094 7.0971097946166992188 7.0625748634338378906 7.0278067588806152344 6.9921965599060058594
7.5102891921997070312 7.5208296775817871094 7.5309438705444335938 7.6919336318969726562 7.6996793746948242188 7.7073736190795898438 7.7152814865112304688 7.7237000465393066406 7.8650498390197753906 7.5653014183044433594 7.5808253288269042969 7.6005578041076660156 7.6251864433288574219 7.6547369956970214844 7.686977386474609375 7.7140564918518066406 7.7914371490478515625 7.7722554206848144531 7.7381711006164550781 7.6992216110229492188 7.7599000930786132812 7.7270135879516601562 7.6950168609619140625 7.6639046669006347656 7.6335344314575195312 7.6037240028381347656 7.5742921829223632812 7.5450701713562011719 7.5159096717834472656 7.4866824150085449219 7.4572796821594238281 7.4276151657104492188 7.3976230621337890625 7.2378530502319335938 7.2038326263427734375 7.1696276664733886719 7.1352448463439941406 7.1007108688354492188 7.0660700798034667969 7.0308432579040527344
7.5657181739807128906 7.5752973556518554688 8.153167724609375 7.7457213401794433594 7.7522883415222167969 7.7587499618530273438 7.7653703689575195312 7.7724485397338867188 7.9111461639404296875 7.9085035324096679688 7.6306595802307128906 7.6508636474609375 7.6777191162109375 7.7130103111267089844 7.7575922012329101562 7.8595342636108398438 7.8718099594116210938 7.8423800468444824219 7.7948122024536132812 7.7479038238525390625 7.7987575531005859375 7.7654209136962890625 7.7334680557250976562 7.7025990486145019531 7.6725306510925292969 7.6430172920227050781 7.6138505935668945312 7.5848541259765625 7.5558805465698242188 7.526805877685546875 7.4975304603576660156 7.4679741859436035156 7.3096151351928710938 7.2757229804992675781 7.2416586875915527344 7.2074108123779296875 7.1729869842529296875 7.1384115219116210938 7.1037244796752929688 7.0689558982849121094
7.6220035552978515625 8.2175035476684570312 8.2135248184204101562 7.7998328208923339844 7.8049798011779785156 7.8099346160888671875 7.8149456977844238281 7.8202919960021972656 7.9564008712768554688 7.9514975547790527344 7.9476628303527832031 7.6944952011108398438 7.7204494476318359375 7.8363852500915527344 7.8683748245239257812 7.9174900054931640625 7.9601230621337890625 7.8977108001708984375 7.8358159065246582031 7.8654575347900390625 7.8314542770385742188 7.7993526458740234375 7.76859283447265625 7.7387719154357910156 7.7095885276794433594 7.6808061599731445312 7.6522364616394042969 7.6237239837646484375 7.5951390266418457031 7.5663766860961914062 7.5373501777648925781 7.5079936981201171875 7.3471198081970214844 7.3132338523864746094 7.2791500091552734375 7.2448611259460449219 7.2103762626647949219 7.1757197380065917969 7.1409292221069335938 7.1060533523559570312
8.2846326828002929688 8.2806787490844726562 8.2751264572143554688 7.8545246124267578125 7.8580493927001953125 7.8612756729125976562 7.8644251823425292969 7.867740631103515625 8.001514434814453125 7.9940705299377441406 7.98732757568359375 8.0154523849487304688 7.8460178375244140625 7.8610544204711914062 7.8858933448791503906 7.9233002662658691406 7.949909210205078125 7.9057984352111816406 7.8540525436401367188 7.8888759613037109375 7.8587603569030761719 7.8295621871948242188 7.8010263442993164062 7.7729387283325195312 7.7451219558715820312 7.7174258232116699219 7.6897225379943847656 7.6619024276733398438 7.6338706016540527344 7.6055474281311035156 7.5768680572509765625 7.4179182052612304688 7.3843045234680175781 7.3504629135131835938 7.316375732421875 7.2820410728454589844 7.2474722862243652344 7.2126941680908203125 7.1777453422546386719 7.1426725387573242188
8.6197137832641601562 8.7713594436645507812 8.757282257080078125 8.7408094406127929688 8.7219038009643554688 8.7004709243774414062 8.6763477325439453125 8.6492719650268554688 8.7490482330322265625 8.7021484375 8.6504716873168945312 8.1217288970947265625 8.1017179489135742188 7.8795104026794433594 7.8914289474487304688 7.9052896499633789062 7.908733367919921875 7.8899216651916503906 7.9319176673889160156 7.9081692695617675781 7.8831806182861328125 7.8576636314392089844 7.831874847412109375 7.8058938980102539062 7.7797231674194335938 7.7533292770385742188 7.7266650199890136719 7.6996755599975585938 7.6723074913024902344 7.6445116996765136719 7.4879441261291503906 7.4547553062438964844 7.4212861061096191406 7.3875126838684082031 7.3534264564514160156 7.3190336227416992188 7.284351348876953125 7.2494101524353027344 7.2142486572265625 7.1789145469665527344
8.6812334060668945312 8.8328294754028320312 8.8174848556518554688 8.7997589111328125 8.7796306610107421875 8.7570314407348632812 8.7318334579467773438 8.7038354873657226562 8.8038387298583984375 8.7570638656616210938 8.7064046859741210938 8.15956878662109375 8.4154567718505859375 8.3682031631469726562 7.9004797935485839844 7.9016547203063964844 7.8976893424987792969 7.8850007057189941406 7.9471526145935058594 7.9284944534301757812 7.9077348709106445312 7.8855710029602050781 7.8624300956726074219 7.8385524749755859375 7.8140668869018554688 7.7890324592590332031 7.7634677886962890625 7.7373676300048828125 7.7107152938842773438 7.6834888458251953125 7.5244245529174804688 7.49150848388671875 7.4582061767578125 7.42450714111328125 7.3904132843017578125 7.355937957763671875 7.32110595703125 7.285953521728515625 7.250522613525390625 7.2148633003234863281
8.7449502944946289062 8.896480560302734375 8.8798799514770507812 8.8609590530395507812 8.8397302627563476562 8.8161640167236328125 8.790191650390625 8.7617006301879882812 8.8629121780395507812 8.8171405792236328125 8.7686061859130859375 8.5180883407592773438 8.47589111328125 8.4344034194946289062 8.3965549468994140625 7.9128484725952148438 7.90533447265625 7.9833912849426269531 7.9690299034118652344 7.9527378082275390625 7.9345793724060058594 7.9148449897766113281 7.8938307762145996094 7.87176513671875 7.8488039970397949219 7.8250441551208496094 7.8005385398864746094 7.7753119468688964844 7.7493710517883300781 7.5931324958801269531 7.5609936714172363281 7.5283608436584472656 7.4952254295349121094 7.4615883827209472656 7.4274616241455078125 7.3928675651550292969 7.3578400611877441406 7.3224201202392578125 7.2866578102111816406 7.250606536865234375
8.9779911041259765625 8.9624204635620117188 8.944561004638671875 8.9244899749755859375 8.902256011962890625 8.8778829574584960938 8.8513727188110351562 8.8227109909057617188 8.925769805908203125 8.8814954757690429688 8.8355503082275390625 8.5793657302856445312 8.5405130386352539062 8.5035867691040039062 8.4708299636840820312 8.4449644088745117188 8.459747314453125 8.4484691619873046875 7.9971728324890136719 7.9815855026245117188 7.9646759033203125 7.9464058876037597656 7.9268679618835449219 7.9061870574951171875 7.8844742774963378906 7.8618111610412597656 7.8382511138916015625 7.8138246536254882812 7.6607255935668945312 7.629611968994140625 7.5978755950927734375 7.5655102729797363281 7.5325188636779785156 7.4989123344421386719 7.4647116661071777344 7.4299488067626953125 7.3946666717529296875 7.3589143753051757812 7.3227496147155761719 7.2862329483032226562
9.0476827621459960938 9.030719757080078125 9.0115756988525390625 8.9903650283813476562 8.9671802520751953125 8.9421024322509765625 8.9152011871337890625 8.8865575790405273438 8.9892549514770507812 8.9477939605712890625 9.0392179489135742188 8.9859447479248046875 8.9343318939208984375 8.5736188888549804688 8.5439281463623046875 8.519863128662109375 8.53784942626953125 8.594760894775390625 8.5861577987670898438 8.0146884918212890625 7.9981584548950195312 7.9806065559387207031 7.9619650840759277344 7.9422407150268554688 7.9214696884155273438 7.8996877670288085938 7.876922607421875 7.8531894683837890625 7.6972813606262207031 7.6666722297668457031 7.6352987289428710938 7.6031627655029296875 7.5702714920043945312 7.5366449356079101562 7.5023126602172851562 7.467315673828125 7.4317064285278320312 7.3955450057983398438 7.3588972091674804688 7.3218331336975097656
9.1198587417602539062 9.101413726806640625 9.0809240341186523438 9.0585432052612304688 9.0344114303588867188 9.0086584091186523438 8.9814205169677734375 9.0942296981811523438 9.0548372268676757812 9.0149383544921875 9.1090946197509765625 9.0595636367797851562 9.0122852325439453125 8.968708038330078125 8.93047332763671875 8.8990945816040039062 8.6854352951049804688 8.6674032211303710938 8.6543140411376953125 8.6445760726928710938 8.03476715087890625 8.0174427032470703125 7.999263763427734375 7.9801425933837890625 7.9600381851196289062 7.9389300346374511719 7.9168043136596679688 7.7640085220336914062 7.7347292900085449219 7.704559326171875 7.6734919548034667969 7.6415271759033203125 7.6086759567260742188 7.5749616622924804688 7.5404229164123535156 7.5051107406616210938 7.4690866470336914062 7.4324235916137695312 7.3951992988586425781 7.3574948310852050781
9.1945562362670898438 9.1745023727416992188 9.15256500244140625 9.1289396286010742188 9.1038055419921875 9.0773410797119140625 9.0497312545776367188 9.160617828369140625 9.121978759765625 9.0833539962768554688 9.1793661117553710938 9.1326589584350585938 9.0884494781494140625 9.0478010177612304688 9.0118045806884765625 8.9813671112060546875 8.7571420669555664062 8.7366895675659179688 8.7201862335205078125 8.7065553665161132812 8.6946258544921875 8.6833333969116210938 8.038730621337890625 8.0199613571166992188 8.00031280517578125 7.9797077178955078125 7.8299202919006347656 7.8021063804626464844 7.7733125686645507812 7.7435107231140136719 7.7126812934875488281 7.6808180809020996094 7.6479306221008300781 7.6140456199645996094 7.5792093276977539062 7.5434818267822265625 7.506938934326171875 7.4696664810180664062 7.4317564964294433594 7.3933043479919433594
9.382061004638671875 9.2499551773071289062 9.2264270782470703125 9.2014322280883789062 9.1751890182495117188 9.14791107177734375 9.2664613723754882812 9.2282743453979492188 9.1901340484619140625 9.1524209976196289062 9.2493572235107421875 9.2046527862548828125 9.1625041961669921875 9.1236820220947265625 9.0889139175415039062 9.0587520599365234375 8.82564544677734375 8.8031702041625976562 8.7839593887329101562 8.7672481536865234375 8.7521810531616210938 8.7379407882690429688 8.7238254547119140625 8.0616712570190429688 8.602970123291015625 8.582088470458984375 7.8689527511596679688 7.8416385650634765625 7.8132576942443847656 7.7837553024291992188 7.7530932426452636719 7.7212543487548828125 7.6882429122924804688 7.6540889739990234375 7.6188449859619140625 7.5825848579406738281 7.545398712158203125 7.5073885917663574219 7.4686655998229980469 7.4293417930603027344
9.4584455490112304688 9.3277158737182617188 9.30240631103515625 9.2758731842041015625 9.248363494873046875 9.220119476318359375 9.3351287841796875 9.2967996597290039062 9.2588596343994140625 9.3639993667602539062 9.318630218505859375 9.2752332687377929688 9.2343645095825195312 9.1965770721435546875 9.16236114501953125 9.1320562362670898438 8.8914699554443359375 8.86724853515625 8.845821380615234375 8.8266162872314453125 8.8089885711669921875 8.7922954559326171875 8.7759542465209960938 8.759471893310546875 8.6542539596557617188 8.6322565078735351562 7.9096636772155761719 7.8827977180480957031 7.8547797203063964844 7.8255214691162109375 7.7949609756469726562 7.7630643844604492188 7.729831695556640625 7.6952943801879882812 7.6595144271850585938 7.62258148193359375 7.5846042633056640625 7.5457072257995605469 7.4556469917297363281 7.4122247695922851562
9.5371761322021484375 9.516933441162109375 9.380374908447265625 9.3520917892456054688 9.3231191635131835938 9.4437112808227539062 9.4045877456665039062 9.365848541259765625 9.3277921676635742188 9.4316196441650390625 9.3869113922119140625 9.3442468643188476562 9.304050445556640625 9.2667226791381835938 9.2325916290283203125 9.2018671035766601562 8.9549779891967773438 8.9292154312133789062 8.905925750732421875 8.8846654891967773438 8.8649311065673828125 8.8462038040161132812 8.827991485595703125 8.8098545074462890625 8.7914142608642578125 8.6372385025024414062 8.61171722412109375 7.9257702827453613281 7.8980965614318847656 7.8690471649169921875 7.8385305404663085938 7.8064951896667480469 7.7729334831237792969 7.7378811836242675781 7.7014141082763671875 7.6636419296264648438 7.5743813514709472656 7.5313673019409179688 7.4874172210693359375 7.4426984786987304688
