Example_Dataset/contamination rasters/IDW1.asc
ncols        354
nrows        251
xllcorner    35034898.218770
yllcorner    54060095.809248
cellsize     6.802719999999
NODATA_value -9999
[rows 126 to 143 of 251, columns 200 to 239 of 354]
4.2944502830505371094 4.2673406600952148438 4.2394490242004394531 4.2108120918273925781 4.1814751625061035156 3.8671450614929199219 3.8358907699584960938 3.8041925430297851562 3.7721424102783203125 3.7398281097412109375 3.7073302268981933594 3.6747221946716308594 3.6420686244964599609 3.6094276905059814453 3.5768492221832275391 3.0384156703948974609 3.0070612430572509766 2.9761526584625244141 2.9457213878631591797 2.9157950878143310547 2.8863983154296875 2.8575534820556640625 2.8292837142944335938 2.8016119003295898438 2.7745633125305175781 2.7481641769409179688 2.7224433422088623047 2.6974318027496337891 2.6731610298156738281 2.4415187835693359375 2.4197854995727539062 2.3988633155822753906 2.3787457942962646484 2.359416961669921875 2.3408527374267578125 2.3230178356170654297 2.3058679103851318359 2.289348602294921875 2.1856939792633056641 2.1698653697967529297
4.6689391136169433594 4.3580107688903808594 4.3308391571044921875 4.3028044700622558594 4.2739472389221191406 3.7957742214202880859 3.7642526626586914062 3.7321946620941162109 3.7720937728881835938 3.7393767833709716797 3.7064275741577148438 3.6733324527740478516 3.6401660442352294922 3.6069922447204589844 3.4944360256195068359 3.4588704109191894531 3.0049083232879638672 2.97344970703125 2.9424769878387451172 2.9120166301727294922 2.8820919990539550781 2.8527250289916992188 2.8239383697509765625 2.7957551479339599609 2.7682015895843505859 2.7413072586059570312 2.7151050567626953125 2.6896321773529052734 2.664928436279296875 2.43377685546875 2.4127857685089111328 2.3917188644409179688 2.37151336669921875 2.3521587848663330078 2.3336327075958251953 2.3158998489379882812 2.2989113330841064453 2.2826061248779296875 2.1792585849761962891 2.1636350154876708984
4.6635642051696777344 4.3573627471923828125 4.33031463623046875 4.3022704124450683594 3.8260786533355712891 3.7949757575988769531 3.7630791664123535156 3.73055267333984375 3.6975493431091308594 3.6642069816589355469 3.6306469440460205078 3.5969722270965576172 3.5629363059997558594 3.5266220569610595703 3.4903464317321777344 3.45416259765625 3.4181146621704101562 2.9705836772918701172 2.9390172958374023438 2.9079763889312744141 2.8774805068969726562 2.8475492000579833984 2.8182017803192138672 2.7894608974456787109 2.7613525390625 2.7339081764221191406 2.7071645259857177734 2.6811647415161132812 2.4465093612670898438 2.4251041412353515625 2.4045808315277099609 2.3838908672332763672 2.3635716438293457031 2.3441748619079589844 2.3256826400756835938 2.3080599308013916016 2.2912542819976806641 2.1882712841033935547 2.1723637580871582031 2.1569852828979492188
4.659008026123046875 4.3582124710083007812 4.33115386962890625 4.3029470443725585938 3.8273220062255859375 3.7956740856170654297 3.7631230354309082031 3.7298731803894042969 3.6961109638214111328 3.6619992256164550781 3.6276760101318359375 3.5932552814483642578 3.5588281154632568359 3.5232284069061279297 3.4862530231475830078 3.4493851661682128906 3.4126641750335693359 3.3761222362518310547 2.93534088134765625 2.9036760330200195312 2.8725686073303222656 2.8420326709747314453 2.8120830059051513672 2.7827386856079101562 2.7540242671966552734 2.725971221923828125 2.6986193656921386719 2.4601511955261230469 2.4375302791595458984 2.4158039093017578125 2.3950023651123046875 2.3751535415649414062 2.3548607826232910156 2.3353955745697021484 2.3169257640838623047 2.2994191646575927734 2.2828197479248046875 2.0517964363098144531 2.0378284454345703125 2.0242283344268798828
4.315464019775390625 4.2903289794921875 4.2637457847595214844 3.8618764877319335938 3.8305873870849609375 3.7980358600616455078 3.7644972801208496094 3.7302262783050537109 3.695446014404296875 3.6603450775146484375 3.6250758171081542969 3.5897595882415771484 3.5544881820678710938 3.5193302631378173828 3.4821419715881347656 3.4445285797119140625 3.4070839881896972656 2.8865268230438232422 2.8541393280029296875 2.8223886489868164062 2.7912776470184326172 2.7608087062835693359 2.7309870719909667969 2.7756047248840332031 2.7462334632873535156 2.7175114154815673828 2.4749045372009277344 2.4509940147399902344 2.4279675483703613281 2.4058628082275390625 2.3847219944000244141 2.3645894527435302734 2.3453159332275390625 2.3257429599761962891 2.3072745800018310547 2.2898852825164794922 2.0611753463745117188 2.0469393730163574219 2.0331487655639648438 2.0197033882141113281
4.3180727958679199219 4.2927484512329101562 4.2656865119934082031 4.2370309829711914062 3.8360967636108398438 3.802204132080078125 3.7672812938690185547 3.7316427230834960938 3.6955518722534179688 3.6592199802398681641 3.6228101253509521484 3.5864439010620117188 3.5502080917358398438 3.5141611099243164062 3.4779834747314453125 3.4395709037780761719 2.9150779247283935547 2.8813529014587402344 2.8483114242553710938 2.8159449100494384766 2.7842433452606201172 2.7531983852386474609 2.722805023193359375 2.6930639743804931641 2.6639845371246337891 2.6355853080749511719 2.4657049179077148438 2.4413211345672607422 2.4178295135498046875 2.3952770233154296875 2.3737215995788574219 2.3532271385192871094 2.3338589668273925781 2.3151295185089111328 2.2966263294219970703 2.0704157352447509766 2.0558493137359619141 2.0418500900268554688 2.0282888412475585938 2.0150434970855712891
4.3236374855041503906 4.2978854179382324219 4.2700228691101074219 4.2402892112731933594 4.2089800834655761719 3.8082821369171142578 3.7715032100677490234 3.7340991497039794922 3.6963727474212646484 3.6585516929626464844 3.6208004951477050781 3.5832319259643554688 3.5459177494049072266 3.5088992118835449219 3.4721934795379638672 2.9456341266632080078 2.91040802001953125 2.8759500980377197266 2.8422365188598632812 2.8092412948608398438 2.7769391536712646484 2.7453072071075439453 2.7143273353576660156 2.6839895248413085938 2.6542921066284179688 2.6252467632293701172 2.5968804359436035156 2.5692391395568847656 2.4071412086486816406 2.3840601444244384766 2.3619961738586425781 2.3410384654998779297 2.3212840557098388672 2.1143841743469238281 2.0993516445159912109 2.0645334720611572266 2.0502479076385498047 2.0365505218505859375 2.0232801437377929688 2.0102853775024414062
4.3327717781066894531 4.3062472343444824219 4.2771286964416503906 4.2458181381225585938 4.2127676010131835938 3.8163056373596191406 3.7771139144897460938 3.7374961376190185547 3.6977839469909667969 3.6582081317901611328 3.6189191341400146484 3.5800063610076904297 3.541515350341796875 3.5034592151641845703 3.4658281803131103516 2.9415340423583984375 2.9054734706878662109 2.8702731132507324219 2.8358860015869140625 2.8022654056549072266 2.7693667411804199219 2.7371506690979003906 2.7055833339691162109 2.6746394634246826172 2.6443045139312744141 2.6145780086517333984 2.5854773521423339844 2.5570425987243652344 2.5293424129486083984 2.5024814605712890625 2.3495643138885498047 2.3280117511749267578 2.3077325820922851562 2.1072833538055419922 2.011882781982421875 1.9981194734573364258 1.9849081039428710938 1.9720442295074462891 2.0181670188903808594 2.0054802894592285156
4.346282958984375 4.3184561729431152344 4.2874159812927246094 4.2538352012634277344 4.218402862548828125 4.1817188262939453125 3.7839515209197998047 3.7416310310363769531 3.699573516845703125 3.657985687255859375 3.6169805526733398438 3.5766060352325439453 3.5368645191192626953 3.4977300167083740234 3.4591567516326904297 2.9370903968811035156 2.9001982212066650391 2.8642683029174804688 2.8292262554168701172 2.7950017452239990234 2.7615289688110351562 2.7287485599517822266 2.6966085433959960938 2.6650662422180175781 2.6340897083282470703 2.6036620140075683594 2.5737845897674560547 2.5444848537445068359 2.5158233642578125 2.4879047870635986328 2.4608907699584960938 2.2335207462310791016 2.2133631706237792969 2.0207867622375488281 2.0067241191864013672 1.9934604167938232422 1.9807516336441040039 1.9683299064636230469 1.9559481143951416016 1.94342041015625
4.3652372360229492188 4.3352599143981933594 4.3012971878051757812 4.2644772529602050781 4.2258291244506835938 4.1861591339111328125 4.1460347175598144531 3.7461657524108886719 3.7014210224151611328 3.6575975418090820312 3.6147377490997314453 3.57282257080078125 3.5317947864532470703 3.4915754795074462891 3.4520738124847412109 2.9321877956390380859 2.8944959640502929688 2.8578746318817138672 2.8222196102142333984 2.7874341011047363281 2.7534291744232177734 2.7201244831085205078 2.6874470710754394531 2.6553339958190917969 2.6237328052520751953 2.5926048755645751953 2.5619297027587890625 2.5317118167877197266 2.5019915103912353516 2.4728605747222900391 2.4444811344146728516 2.2203154563903808594 2.1996443271636962891 2.0151569843292236328 2.0016539096832275391 1.9890294075012207031 1.9769614934921264648 1.9650853872299194336 1.9530730247497558594 1.9407006502151489258
4.3910422325134277344 4.3575015068054199219 4.3190927505493164062 4.2776894569396972656 4.2347764968872070312 4.1913638114929199219 4.1480641365051269531 4.1052060127258300781 3.7028827667236328125 3.6566681861877441406 3.6118798255920410156 3.5684037208557128906 3.5261037349700927734 3.484836578369140625 3.4444582462310791016 2.9266989231109619141 2.8882725238800048828 2.8510265350341796875 2.8148252964019775391 2.779544830322265625 2.7450721263885498047 2.7113039493560791016 2.6781466007232666016 2.6455147266387939453 2.6133325099945068359 2.5815351009368896484 2.5500726699829101562 2.5189166069030761719 2.488071441650390625 2.4575929641723632812 2.2310688495635986328 2.2081890106201171875 2.1866669654846191406 2.0095946788787841797 1.9968039989471435547 1.9850105047225952148 1.9737722873687744141 1.9625679254531860352 1.9509465694427490234 1.9386503696441650391
4.4255037307739257812 4.3859705924987792969 4.3408036231994628906 4.2930245399475097656 4.2446184158325195312 4.1966876983642578125 4.1497540473937988281 4.1040005683898925781 4.0594263076782226562 3.6547362804412841797 3.6080396175384521484 3.5630590915679931641 3.5195643901824951172 3.4773380756378173828 3.4361774921417236328 2.9204897880554199219 2.8814294338226318359 2.8436558246612548828 2.8070013523101806641 2.7713153362274169922 2.7364614009857177734 2.7023141384124755859 2.6687581539154052734 2.6356861591339111328 2.6029970645904541016 2.5705974102020263672 2.5384016036987304688 2.5063383579254150391 2.4743587970733642578 2.2444639205932617188 2.2196564674377441406 2.1958658695220947266 2.1733314990997314453 2.1524310111999511719 1.9923496246337890625 1.9816648960113525391 1.9715307950973510742 1.9611499309539794922 1.9498795270919799805 1.9374638795852661133
4.4707074165344238281 4.4209318161010742188 4.3656377792358398438 4.3093214035034179688 4.2541980743408203125 4.2011241912841796875 4.1502814292907714844 4.101551055908203125 4.0546970367431640625 3.6512725353240966797 3.6028096675872802734 3.5564758777618408203 3.5119366645812988281 3.4688968658447265625 3.4270937442779541016 2.9134266376495361328 2.8738687038421630859 2.8356940746307373047 2.7987048625946044922 2.7627260684967041016 2.7275989055633544922 2.6931788921356201172 2.6593301296234130859 2.6259243488311767578 2.5928366184234619141 2.5599434375762939453 2.5271222591400146484 2.4942514896392822266 2.2604007720947265625 2.2340879440307617188 2.2084882259368896484 2.1836962699890136719 2.1599252223968505859 2.1375916004180908203 1.9885060787200927734 1.9793609380722045898 1.9707664251327514648 1.9613809585571289062 1.9502555131912231445 1.9372961521148681641
4.5280890464782714844 4.46083831787109375 4.3911538124084472656 4.3242926597595214844 4.26168060302734375 4.2032837867736816406 4.1486124992370605469 4.0970902442932128906 4.0481739044189453125 4.0013861656188964844 3.5957703590393066406 3.5483376979827880859 3.5029816627502441406 3.4593324661254882812 3.4170727729797363281 2.9053826332092285156 2.8654983043670654297 2.8270766735076904297 2.7898945808410644531 2.7537560462951660156 2.7184841632843017578 2.6839175224304199219 2.6499037742614746094 2.6162970066070556641 2.5829510688781738281 2.5497167110443115234 2.5164363384246826172 2.2784559726715087891 2.2510800361633300781 2.2242586612701416016 2.1979634761810302734 2.1722078323364257812 2.1470992565155029297 2.1229541301727294922 1.9854819774627685547 1.9785854816436767578 1.9723213911056518555 1.9640727043151855469 1.9524369239807128906 1.9380925893783569336
4.5942683219909667969 4.499492645263671875 4.4121689796447753906 4.3342862129211425781 4.264598846435546875 4.2014975547790527344 4.1436009407043457031 4.0898127555847167969 4.0392775535583496094 3.9913229942321777344 3.9454107284545898438 3.5383527278900146484 3.4924807548522949219 3.4484808444976806641 3.4059910774230957031 2.8962471485137939453 2.8562364578247070312 2.8177454471588134766 2.7805321216583251953 2.7443840503692626953 2.7091114521026611328 2.6745405197143554688 2.6405074596405029297 2.6068537235260009766 2.5734186172485351562 2.5400335788726806641 2.2980623245239257812 2.2699527740478515625 2.2423794269561767578 2.2152590751647949219 2.188507080078125 2.1620419025421142578 2.1358046531677246094 2.1098315715789794922 2.0845067501068115234 1.9797707796096801758 1.9775927066802978516 1.9702903032302856445 1.95627593994140625 1.9391831159591674805
4.647552490234375 4.5226931571960449219 4.4207119941711425781 4.3347988128662109375 4.2602963447570800781 4.1941208839416503906 4.13417816162109375 4.0789952278137207031 4.0275020599365234375 3.9788944721221923828 3.9325499534606933594 3.8879709243774414062 3.4802536964416503906 3.3653652667999267578 3.320636749267578125 2.8859326839447021484 2.8460180759429931641 2.8076529502868652344 2.7705833911895751953 2.7345879077911376953 2.6994690895080566406 2.6650471687316894531 2.6311523914337158203 2.5976200103759765625 2.5642831325531005859 2.3186726570129394531 2.2900190353393554688 2.2619655132293701172 2.2344217300415039062 2.2072894573211669922 2.1804554462432861328 2.1537802219390869141 2.1270823478698730469 2.1001179218292236328 2.0725772380828857422 1.9819543361663818359 1.9887079000473022461 1.9796879291534423828 1.9594308137893676758 1.9387143850326538086
4.6409316062927246094 4.5132412910461425781 4.4094076156616210938 4.3222064971923828125 4.2467908859252929688 4.1799716949462890625 4.1195902824401855469 4.0641298294067382812 4.0124883651733398438 3.9638383388519287109 3.9175374507904052734 3.8730733394622802734 3.3971714973449707031 3.3510580062866210938 3.3066473007202148438 3.2635960578918457031 2.8347980976104736328 2.7967634201049804688 2.7600204944610595703 2.7243454456329345703 2.6895403861999511719 2.6554243564605712891 2.6218290328979492188 2.5885908603668212891 2.3398287296295166016 2.3107175827026367188 2.2822999954223632812 2.2544949054718017578 2.2272214889526367188 2.2003936767578125 2.1739139556884765625 2.1476647853851318359 2.1214940547943115234 2.0951995849609375 2.0685243606567382812 2.0413439273834228516 1.9878247976303100586 1.9779421091079711914 1.9560149908065795898 1.9340614080429077148
4.5696258544921875 4.4689502716064453125 4.3770647048950195312 4.2957811355590820312 4.223598480224609375 4.1587085723876953125 4.0995841026306152344 4.04502105712890625 3.9940819740295410156 3.9460287094116210938 3.9002699851989746094 3.8563213348388671875 3.8137767314910888672 3.3351809978485107422 3.2913844585418701172 3.2489266395568847656 3.0636856555938720703 3.0230059623718261719 2.7488231658935546875 2.7136361598968505859 2.6793019771575927734 2.6456463336944580078 2.6125071048736572266 2.3611629009246826172 2.3316254615783691406 2.3028757572174072266 2.2748410701751708984 2.2474577426910400391 2.220668792724609375 2.1944231986999511719 2.1686775684356689453 2.1434013843536376953 2.1185994148254394531 2.0943744182586669922 2.0711407661437988281 2.0503444671630859375 1.9688053131103515625 1.9607316255569458008 1.944075465202331543 1.9241980314254760742
