Example_Dataset/contamination rasters/IDW1.asc
ncols        354
nrows        251
xllcorner    35034898.218770
yllcorner    54060095.809248
cellsize     6.802719999999
NODATA_value -9999
[rows 54 to 71 of 251, columns 280 to 319 of 354]
0.80689257383346557617 0.79950928688049316406 0.79223346710205078125 0.78505766391754150391 0.7779712677001953125 0.77095997333526611328 0.76400601863861083984 0.75708824396133422852 0.75018268823623657227 0.74326264858245849609 0.73629969358444213867 0.72926449775695800781 0.72212809324264526367 0.71486389636993408203 0.70745015144348144531 0.63806486129760742188 0.63174951076507568359 0.62540155649185180664 0.61906969547271728516 0.61283868551254272461 0.60684019327163696289 0.60125833749771118164 0.59631866216659545898 0.59224694967269897461 0.58919858932495117188 0.58718734979629516602 0.58606451749801635742 0.58556884527206420898 0.58541131019592285156 0.58534359931945800781 0.58518588542938232422 0.58482491970062255859 0.5841986536979675293 0.58327919244766235352 0.58205956220626831055 0.5805441737174987793 0.57874292135238647461 0.57666748762130737305 0.574329376220703125 0.57173836231231689453
0.81263554096221923828 0.80506229400634765625 0.79757857322692871094 0.79017549753189086914 0.78284090757369995117 0.77555918693542480469 0.76831108331680297852 0.76107388734817504883 0.75382143259048461914 0.74652439355850219727 0.73915052413940429688 0.73166513442993164062 0.72403192520141601562 0.71621406078338623047 0.70817655324935913086 0.63917106389999389648 0.63226044178009033203 0.62523549795150756836 0.61813306808471679688 0.61103516817092895508 0.60409265756607055664 0.59755039215087890625 0.59175401926040649414 0.58710139989852905273 0.58390849828720092773 0.58223950862884521484 0.58184164762496948242 0.58226114511489868164 0.58303296566009521484 0.58380216360092163086 0.58434766530990600586 0.58455473184585571289 0.584377288818359375 0.58380830287933349609 0.58286070823669433594 0.58155542612075805664 0.57991570234298706055 0.57796341180801391602 0.57571750879287719727 0.49026498198509216309
0.81829035282135009766 0.81052213907241821289 0.80282795429229736328 0.79519760608673095703 0.78761768341064453125 0.78007119894027709961 0.77253746986389160156 0.76499211788177490234 0.75740671157836914062 0.7497488856315612793 0.74198198318481445312 0.73406523466110229492 0.72595357894897460938 0.71759825944900512695 0.70894736051559448242 0.64028126001358032227 0.63275074958801269531 0.62499678134918212891 0.61702710390090942383 0.60889643430709838867 0.60074651241302490234 0.59286749362945556641 0.58576196432113647461 0.58013314008712768555 0.57665497064590454102 0.57553589344024658203 0.57629960775375366211 0.57809525728225708008 0.58015781641006469727 0.58200323581695556641 0.58339458703994750977 0.58424812555313110352 0.58455955982208251953 0.5843594670295715332 0.58369058370590209961 0.5825964808464050293 0.58111685514450073242 0.57928556203842163086 0.49538281559944152832 0.49201062321662902832
0.82387739419937133789 0.81591147184371948242 0.80800652503967285156 0.80015128850936889648 0.79233121871948242188 0.78452831506729125977 0.77672058343887329102 0.76888203620910644531 0.76098209619522094727 0.75298541784286499023 0.74485105276107788086 0.73653209209442138672 0.72797453403472900391 0.71911668777465820312 0.70988839864730834961 0.64151012897491455078 0.63336586952209472656 0.62486875057220458984 0.61597681045532226562 0.60668063163757324219 0.59705299139022827148 0.58735394477844238281 0.57821631431579589844 0.57083708047866821289 0.56673210859298706055 0.56656360626220703125 0.56929284334182739258 0.57317912578582763672 0.57698625326156616211 0.58014690876007080078 0.58249294757843017578 0.58403342962265014648 0.58484125137329101562 0.58500325679779052734 0.58460140228271484375 0.58370608091354370117 0.58237546682357788086 0.58065623044967651367 0.49711155891418457031 0.49374127388000488281
0.82941526174545288086 0.82125073671340942383 0.81313657760620117188 0.80506080389022827148 0.79700809717178344727 0.78895956277847290039 0.78089231252670288086 0.77277910709381103516 0.76458764076232910156 0.75628000497817993164 0.74781173467636108398 0.73913049697875976562 0.73017460107803344727 0.72087055444717407227 0.7111307978630065918 0.70085000991821289062 0.63427758216857910156 0.62508523464202880859 0.61530172824859619141 0.60481679439544677734 0.59355127811431884766 0.58156669139862060547 0.56937742233276367188 0.55869281291961669922 0.55303168296813964844 0.5547389984130859375 0.56100201606750488281 0.56797897815704345703 0.57396143674850463867 0.57857060432434082031 0.58188080787658691406 0.58407473564147949219 0.58533537387847900391 0.58581835031509399414 0.58564847707748413086 0.58492380380630493164 0.58372044563293457031 0.50201410055160522461 0.49882620573043823242 0.49546146392822265625
0.83492040634155273438 0.8265578150749206543 0.81823766231536865234 0.80994743108749389648 0.80167138576507568359 0.79339015483856201172 0.78508043289184570312 0.77671414613723754883 0.76825803518295288086 0.75967270135879516602 0.75091135501861572266 0.74191796779632568359 0.73262542486190795898 0.72295194864273071289 0.71279692649841308594 0.70203489065170288086 0.63566327095031738281 0.62590247392654418945 0.6153838038444519043 0.60388875007629394531 0.59113961458206176758 0.57682025432586669922 0.56076031923294067383 0.54401606321334838867 0.53370970487594604492 0.54010909795761108398 0.552761077880859375 0.56365072727203369141 0.57183974981307983398 0.57773941755294799805 0.58184456825256347656 0.58455204963684082031 0.58615815639495849609 0.5868816375732421875 0.5868842005729675293 0.58628618717193603516 0.526340484619140625 0.50370573997497558594 0.50053244829177856445 0.49717593193054199219
0.84040683507919311523 0.83184796571731567383 0.82332617044448852539 0.8148288726806640625 0.80634021759033203125 0.79784095287322998047 0.78930759429931640625 0.78071218729019165039 0.77202141284942626953 0.76319563388824462891 0.75418740510940551758 0.74493968486785888672 0.73538327217102050781 0.72543311119079589844 0.71498322486877441406 0.70389920473098754883 0.63767361640930175781 0.6275463104248046875 0.61657959222793579102 0.60449498891830444336 0.59089303016662597656 0.57517886161804199219 0.55642813444137573242 0.53316009044647216797 0.50568670034408569336 0.52865374088287353516 0.54847657680511474609 0.56208091974258422852 0.57154417037963867188 0.57813441753387451172 0.5826517939567565918 0.58562290668487548828 0.58740699291229248047 0.58825588226318359375 0.5320078730583190918 0.53022092580795288086 0.52812939882278442383 0.50539499521255493164 0.50223618745803833008 0.49888959527015686035
0.84588634967803955078 0.83713364601135253906 0.82841545343399047852 0.8197193145751953125 0.81102973222732543945 0.80232781171798706055 0.79359084367752075195 0.78479158878326416016 0.77589774131774902344 0.76687085628509521484 0.75766485929489135742 0.74822449684143066406 0.73848265409469604492 0.72835701704025268555 0.71774518489837646484 0.66854643821716308594 0.65839040279388427734 0.64746648073196411133 0.61910009384155273438 0.60699671506881713867 0.59350150823593139648 0.57816994190216064453 0.5605290532112121582 0.54091238975524902344 0.52722531557083129883 0.53676551580429077148 0.55235970020294189453 0.56469547748565673828 0.57366991043090820312 0.58004361391067504883 0.5844573974609375 0.58737760782241821289 0.58913743495941162109 0.5352051854133605957 0.53379654884338378906 0.53203374147415161133 0.529964447021484375 0.50708889961242675781 0.50394237041473388672 0.50060683488845825195
0.85136806964874267578 0.84242457151412963867 0.83351558446884155273 0.82462912797927856445 0.81575053930282592773 0.80686169862747192383 0.7979412078857421875 0.78896337747573852539 0.77989804744720458984 0.77070927619934082031 0.7613544464111328125 0.75178277492523193359 0.74193328619003295898 0.69048315286636352539 0.68133544921875 0.67177224159240722656 0.66168475151062011719 0.65093886852264404297 0.63937139511108398438 0.62679314613342285156 0.59877789020538330078 0.58522176742553710938 0.57105630636215209961 0.55811643600463867188 0.55116832256317138672 0.5539919734001159668 0.56231462955474853516 0.57093697786331176758 0.57804036140441894531 0.58340632915496826172 0.58724069595336914062 0.53867602348327636719 0.53813147544860839844 0.53710848093032836914 0.53568452596664428711 0.53391796350479125977 0.5117219090461730957 0.50878775119781494141 0.50565332174301147461 0.50233006477355957031
0.85685867071151733398 0.84772741794586181641 0.8386332392692565918 0.82956498861312866211 0.82050889730453491211 0.81144833564758300781 0.80236363410949707031 0.79323142766952514648 0.78402441740036010742 0.77471059560775756836 0.76525247097015380859 0.71157699823379516602 0.70295274257659912109 0.69411480426788330078 0.68500590324401855469 0.67555916309356689453 0.66569811105728149414 0.65533918142318725586 0.64440023899078369141 0.63282495737075805664 0.62064415216445922852 0.60811936855316162109 0.58346891403198242188 0.57449543476104736328 0.56963217258453369141 0.56991755962371826172 0.57384884357452392578 0.57901692390441894531 0.583889007568359375 0.58786386251449584961 0.54114758968353271484 0.54095053672790527344 0.54026204347610473633 0.53915005922317504883 0.53767240047454833984 0.51614665985107421875 0.51342874765396118164 0.51049947738647460938 0.50737386941909790039 0.50406211614608764648
0.86236232519149780273 0.85304611921310424805 0.84377199411392211914 0.83452975749969482422 0.82530695199966430664 0.81608861684799194336 0.80685722827911376953 0.79759234189987182617 0.78827035427093505859 0.7324097752571105957 0.72399079799652099609 0.71548032760620117188 0.70684528350830078125 0.6980488896369934082 0.68905055522918701172 0.67980742454528808594 0.6702772974967956543 0.66042619943618774414 0.65024369955062866211 0.63977342844009399414 0.62917166948318481445 0.61880534887313842773 0.60937923192977905273 0.60197579860687255859 0.58442777395248413086 0.58341479301452636719 0.58482897281646728516 0.58748584985733032227 0.5903720855712890625 0.5929196476936340332 0.54393923282623291016 0.54344290494918823242 0.54255604743957519531 0.54131335020065307617 0.52039766311645507812 0.5178864598274230957 0.5151570439338684082 0.51222622394561767578 0.50910615921020507812 0.50580495595932006836
0.86788070201873779297 0.8583819270133972168 0.84893244504928588867 0.83952307701110839844 0.83014285564422607422 0.82077884674072265625 0.81141591072082519531 0.80203688144683837891 0.74499303102493286133 0.73655182123184204102 0.72807699441909790039 0.71954649686813354492 0.71093666553497314453 0.70222300291061401367 0.6933816075325012207 0.68439191579818725586 0.6752414703369140625 0.66593539714813232422 0.6565119624137878418 0.64706844091415405273 0.63779985904693603516 0.6290461421012878418 0.62132048606872558594 0.61525404453277587891 0.61138689517974853516 0.59478706121444702148 0.59464234113693237305 0.59554564952850341797 0.59687268733978271484 0.59817349910736083984 0.59918820858001708984 0.59979599714279174805 0.59995919466018676758 0.52453851699829101562 0.52220422029495239258 0.51965498924255371094 0.51690560579299926758 0.51396781206130981445 0.51085036993026733398 0.50755900144577026367
0.89407902956008911133 0.86373353004455566406 0.85411220788955688477 0.84454125165939331055 0.83501136302947998047 0.82551145553588867188 0.76635527610778808594 0.75780719518661499023 0.74928575754165649414 0.74077659845352172852 0.73226487636566162109 0.72373539209365844727 0.71517330408096313477 0.70656549930572509766 0.69790250062942504883 0.68918168544769287109 0.68041288852691650391 0.67162662744522094727 0.66288644075393676758 0.6543064117431640625 0.64607083797454833984 0.63844925165176391602 0.63178753852844238281 0.62645035982131958008 0.6227054595947265625 0.60441964864730834961 0.60325562953948974609 0.60294181108474731445 0.60308349132537841797 0.60335552692413330078 0.60353481769561767578 0.60348975658416748047 0.52866041660308837891 0.52644830942153930664 0.52404069900512695312 0.52144527435302734375 0.51866996288299560547 0.51572149991989135742 0.51260477304458618164 0.50932300090789794922
0.89890295267105102539 0.88921713829040527344 0.87958097457885742188 0.86998635530471801758 0.86042374372482299805 0.7795956730842590332 0.77088248729705810547 0.76222848892211914062 0.75362354516983032227 0.74505746364593505859 0.73652023077011108398 0.72800296545028686523 0.71949845552444458008 0.7110030055046081543 0.70251834392547607422 0.69405496120452880859 0.68563657999038696289 0.67730689048767089844 0.66913759708404541016 0.66123777627944946289 0.6537615656852722168 0.646907806396484375 0.64090287685394287109 0.63595890998840332031 0.63221228122711181641 0.61266195774078369141 0.61078149080276489258 0.60959196090698242188 0.60883605480194091797 0.60828286409378051758 0.6077544093132019043 0.53286862373352050781 0.53070098161697387695 0.5283768773078918457 0.5258922576904296875 0.52324700355529785156 0.520442962646484375 0.5174821019172668457 0.51436567306518554688 0.51109409332275390625
0.90371847152709960938 0.89386713504791259766 0.88407820463180541992 0.87434470653533935547 0.86465883255004882812 0.78425431251525878906 0.77542072534561157227 0.76666623353958129883 0.75798344612121582031 0.74936562776565551758 0.7408072352409362793 0.73230445384979248047 0.72385621070861816406 0.71546602249145507812 0.70714342594146728516 0.69890701770782470703 0.69078785181045532227 0.68283379077911376953 0.67511409521102905273 0.66772341728210449219 0.66078263521194458008 0.65443360805511474609 0.64882290363311767578 0.64407533407211303711 0.6402606964111328125 0.61975121498107910156 0.6173388361930847168 0.61549818515777587891 0.61405575275421142578 0.61284667253494262695 0.61173319816589355469 0.53504580259323120117 0.53273284435272216797 0.53030163049697875977 0.52774178981781005859 0.52504742145538330078 0.52221500873565673828 0.51924228668212890625 0.5161272883415222168 0.51286768913269042969
0.90851873159408569336 0.89850181341171264648 0.88856101036071777344 0.87869042158126831055 0.86888360977172851562 0.78890526294708251953 0.77995359897613525391 0.77110069990158081055 0.76234149932861328125 0.75367224216461181641 0.74509078264236450195 0.73659718036651611328 0.72819513082504272461 0.71989279985427856445 0.71170467138290405273 0.70365345478057861328 0.69577258825302124023 0.68810862302780151367 0.6807231903076171875 0.67369413375854492188 0.66711318492889404297 0.66107988357543945312 0.65568941831588745117 0.65101575851440429688 0.64709419012069702148 0.64390873908996582031 0.62303012609481811523 0.62068933248519897461 0.61871361732482910156 0.61698335409164428711 0.53954869508743286133 0.53717041015625 0.53472757339477539062 0.5321992039680480957 0.52957075834274291992 0.52683168649673461914 0.52397447824478149414 0.52099305391311645508 0.51788240671157836914 0.51463788747787475586
0.91329562664031982422 0.90311205387115478516 0.89301908016204833984 0.8830115199089050293 0.87308412790298461914 0.86323153972625732422 0.78446429967880249023 0.77551209926605224609 0.76667445898056030273 0.75794965028762817383 0.74933803081512451172 0.74084258079528808594 0.73246985673904418945 0.72423100471496582031 0.71614283323287963867 0.70822942256927490234 0.70052319765090942383 0.69306659698486328125 0.68591207265853881836 0.67912161350250244141 0.67276388406753540039 0.66690856218338012695 0.66161805391311645508 0.65693682432174682617 0.65288209915161132812 0.64943766593933105469 0.62793391942977905273 0.62519687414169311523 0.62279939651489257812 0.54424470663070678711 0.54173159599304199219 0.53921228647232055664 0.53665810823440551758 0.53404635190963745117 0.53135955333709716797 0.52858382463455200195 0.52570825815200805664 0.52272361516952514648 0.51962220668792724609 0.51639723777770996094
0.91803973913192749023 0.90768784284591674805 0.89744144678115844727 0.88729584217071533203 0.87724643945693969727 0.86728906631469726562 0.78893601894378662109 0.77988141775131225586 0.77096027135848999023 0.76217234134674072266 0.75351977348327636719 0.74500709772109985352 0.73664253950119018555 0.72843849658966064453 0.72041237354278564453 0.71258747577667236328 0.70499372482299804688 0.6976680755615234375 0.69065397977828979492 0.68400031328201293945 0.67775821685791015625 0.67197722196578979492 0.66669905185699462891 0.66195136308670043945 0.65774261951446533203 0.65405881404876708984 0.6320273280143737793 0.62896436452865600586 0.62622487545013427734 0.54643261432647705078 0.54377913475036621094 0.54114365577697753906 0.53849834203720092773 0.53581970930099487305 0.5330880284309387207 0.5302867889404296875 0.52740210294723510742 0.52442216873168945312 0.52133679389953613281 0.51813733577728271484
