Example_Dataset/contamination rasters/IDW1.asc
ncols        354
nrows        251
xllcorner    35034898.218770
yllcorner    54060095.809248
cellsize     6.802719999999
NODATA_value -9999
[rows 216 to 233 of 251, columns 40 to 79 of 354]
4.7158560752868652344 4.7873120307922363281 4.8590760231018066406 4.9312353134155273438 5.0038628578186035156 5.0770082473754882812 5.423343658447265625 5.4899077415466308594 5.5571179389953613281 5.9010519981384277344 5.9714651107788085938 6.0421538352966308594 6.355030059814453125 7.1799340248107910156 7.2499055862426757812 7.5828413963317871094 7.6402597427368164062 7.6962604522705078125 8.2584695816040039062 8.298740386962890625 8.3362379074096679688 8.3703107833862304688 8.4003143310546875 8.4256143569946289062 8.4455881118774414062 8.4596347808837890625 8.4671688079833984375 8.4676151275634765625 8.4603948593139648438 8.4449062347412109375 8.4204874038696289062 8.2944974899291992188 8.2431974411010742188 8.180248260498046875 8.104213714599609375 7.8142766952514648438 7.7013325691223144531 7.5683336257934570312 7.4113435745239257812 7.22509002685546875
4.6981415748596191406 4.7670578956604003906 4.8361868858337402344 4.9055905342102050781 4.9753174781799316406 5.0453948974609375 5.3920140266418457031 5.4553322792053222656 5.7962040901184082031 5.8625102043151855469 5.9290680885314941406 5.9956941604614257812 7.0643482208251953125 7.1305184364318847656 7.1960582733154296875 7.2605924606323242188 7.5845327377319335938 7.6359796524047851562 7.6854887008666992188 8.23680877685546875 8.270168304443359375 8.3003139495849609375 8.3266515731811523438 8.3485889434814453125 8.3655385971069335938 8.3769207000732421875 8.3821563720703125 8.3806610107421875 8.3718309402465820312 8.264434814453125 8.2321386337280273438 8.1903562545776367188 8.1381320953369140625 8.0742740631103515625 7.79717254638671875 7.70047760009765625 7.5865721702575683594 7.4523568153381347656 7.2937045097351074219 7.1050009727478027344
4.6788015365600585938 4.7450819015502929688 4.8114905357360839844 4.8780703544616699219 4.9448504447937011719 5.0118417739868164062 5.07903289794921875 5.6963586807250976562 5.7589540481567382812 5.8217630386352539062 5.8846545219421386719 5.9474573135375976562 7.0168352127075195312 7.0790514945983886719 7.1405386924743652344 7.2009592056274414062 7.4180922508239746094 7.5749578475952148438 7.6204881668090820312 8.1746158599853515625 8.2044048309326171875 8.231182098388671875 8.2543964385986328125 8.2734928131103515625 8.287914276123046875 8.2970991134643554688 8.300479888916015625 8.2974700927734375 8.1916332244873046875 8.1670436859130859375 8.1340456008911132812 8.09181976318359375 8.0393857955932617188 7.9755411148071289062 7.6929869651794433594 7.5970425605773925781 7.4842734336853027344 7.3517041206359863281 7.1954011917114257812 7.01006317138671875
4.5352349281311035156 4.60434722900390625 4.7851328849792480469 4.8488383293151855469 4.9126420021057128906 4.9765424728393554688 5.04051971435546875 5.6602177619934082031 5.7195744514465332031 5.7790117263793945312 5.8384070396423339844 5.8976025581359863281 6.9671168327331542969 7.0256714820861816406 7.0834422111511230469 7.1401247978210449219 7.3537988662719726562 7.4053907394409179688 7.5551590919494628906 8.0066556930541992188 8.13874053955078125 8.1626644134521484375 8.183261871337890625 8.2000112533569335938 8.2123813629150390625 8.2198314666748046875 8.2218084335327148438 8.116825103759765625 8.0990819931030273438 8.0739774703979492188 8.0408077239990234375 7.998760223388671875 7.9468774795532226562 7.6772780418395996094 7.5975012779235839844 7.5038537979125976562 7.3942623138427734375 7.2660884857177734375 7.1159343719482421875 6.9393734931945800781
4.5048804283142089844 4.5712842941284179688 4.6376214027404785156 4.8180241584777832031 4.8788313865661621094 4.93964385986328125 5.0004363059997558594 5.6220235824584960938 5.6782193183898925781 5.7343993186950683594 5.7904515266418457031 6.8595948219299316406 6.9153037071228027344 6.970455169677734375 7.0248074531555175781 7.0780863761901855469 7.2885656356811523438 7.3369607925415039062 7.3832554817199707031 7.9390020370483398438 7.9699654579162597656 8.094509124755859375 8.1129665374755859375 8.1278371810913085938 8.1386175155639648438 8.0459575653076171875 8.0399990081787109375 8.0282316207885742188 8.0100889205932617188 7.9849581718444824219 7.9521579742431640625 7.910915374755859375 7.8603320121765136719 7.587306976318359375 7.5102667808532714844 7.4203076362609863281 7.3156771659851074219 7.1942210197448730469 7.05329132080078125 6.8896455764770507812
4.4732098579406738281 4.5368719100952148438 4.60040283203125 4.6638007164001464844 4.7270531654357910156 4.9012546539306640625 4.9588913917541503906 5.5818867683410644531 5.6349892616271972656 5.6880145072937011719 5.7408595085144042969 6.8089079856872558594 6.8614459037780761719 6.9134230613708496094 6.9646239280700683594 7.0147981643676757812 7.2223114967346191406 7.2678637504577636719 7.3114533424377441406 7.3527212142944335938 7.8996343612670898438 8.0264577865600585938 8.0432233810424804688 8.0566654205322265625 7.9628024101257324219 7.9611277580261230469 7.9545040130615234375 7.9424176216125488281 7.9243273735046386719 7.8996491432189941406 7.8677449226379394531 7.8279004096984863281 7.5666866302490234375 7.5039119720458984375 7.4305472373962402344 7.3454136848449707031 7.2471308708190917969 7.1340909004211425781 7.0044522285461425781 6.8561830520629882812
4.4402956962585449219 4.5011906623840332031 4.5618968009948730469 4.6224079132080078125 4.6827106475830078125 4.7427825927734375 5.3711514472961425781 5.5398721694946289062 5.5899415016174316406 5.6398992538452148438 5.6896557807922363281 6.7560052871704101562 6.8055386543273925781 6.8545446395874023438 6.9028296470642089844 6.950168609619140625 7.1549153327941894531 7.1979470252990722656 7.2391743659973144531 7.2782654762268066406 7.8290052413940429688 7.8534264564514160156 7.8726263046264648438 7.8782324790954589844 7.8801398277282714844 7.8778934478759765625 7.8710222244262695312 7.8590397834777832031 7.841434478759765625 7.8176641464233398438 7.7871432304382324219 7.536258697509765625 7.4857077598571777344 7.4263629913330078125 7.3574075698852539062 7.2779316902160644531 7.1869306564331054688 7.0833230018615722656 6.9660058021545410156 6.8339810371398925781
4.4061970710754394531 4.4643044471740722656 4.5221695899963378906 4.5797848701477050781 4.6371388435363769531 4.6942124366760253906 5.2920327186584472656 5.3500232696533203125 5.5430889129638671875 5.5900516510009765625 6.6538643836975097656 6.7008523941040039062 6.7475247383117675781 6.7937378883361816406 6.8393177986145019531 6.8840627670288085938 7.0862140655517578125 7.1270203590393066406 7.1662039756774902344 7.2034544944763183594 7.2384390830993652344 7.7810435295104980469 7.7920513153076171875 7.7969064712524414062 7.7983431816101074219 7.7959256172180175781 7.7892084121704101562 7.7777323722839355469 7.7610216140747070312 7.7385783195495605469 7.70987701416015625 7.4566998481750488281 7.4092588424682617188 7.3538374900817871094 7.2898077964782714844 7.2165136337280273438 7.1332907676696777344 7.03951263427734375 6.9346728324890136719 6.8185396194458007812
4.3709630966186523438 4.4262638092041015625 4.4812703132629394531 4.5359787940979003906 4.5903806686401367188 5.1834397315979003906 5.2388720512390136719 5.2938890457153320312 5.4598374366760253906 5.5085673332214355469 6.5991964340209960938 6.6433644294738769531 6.6872968673706054688 6.7308707237243652344 6.7739324569702148438 6.8163008689880371094 7.0160031318664550781 7.0548572540283203125 7.0922937393188476562 7.1280202865600585938 6.9009509086608886719 7.1842303276062011719 7.7112398147583007812 7.7157340049743652344 7.7170877456665039062 7.7148861885070800781 7.708705902099609375 7.6981172561645507812 7.6826786994934082031 7.6619405746459960938 7.4178609848022460938 7.3806099891662597656 7.3366365432739257812 7.2854814529418945312 7.2266888618469238281 7.159824371337890625 7.084506988525390625 7.0004663467407226562 6.90763092041015625 6.806270599365234375
4.33463287353515625 4.3871049880981445312 4.4392337799072265625 4.4910187721252441406 4.5424580574035644531 5.1317949295043945312 5.1842494010925292969 5.2362933158874511719 5.2879166603088378906 5.4472103118896484375 6.4275636672973632812 6.5834064483642578125 6.6246972084045410156 6.6657619476318359375 6.7064700126647949219 6.7466583251953125 6.944034576416015625 6.9811911582946777344 7.0171599388122558594 6.7864627838134765625 6.8145051002502441406 6.8402037620544433594 7.1164011955261230469 7.6343898773193359375 7.6360383033752441406 7.6344251632690429688 7.6291489601135253906 7.61980438232421875 7.6059870719909667969 7.5872893333435058594 7.341556549072265625 7.3073925971984863281 7.2671422958374023438 7.220462799072265625 7.1670441627502441406 7.1066327095031738281 7.0390677452087402344 6.9643344879150390625 6.882648468017578125 6.7945647239685058594
4.2972383499145507812 4.3468561172485351562 4.3960809707641601562 4.4449172019958496094 5.0288271903991699219 5.0786848068237304688 5.1281323432922363281 5.1771855354309082031 5.2258543968200683594 5.274135589599609375 6.3590850830078125 6.4043107032775878906 6.4492878913879394531 6.5981798171997070312 6.6366758346557617188 6.6748609542846679688 6.8700122833251953125 6.6410989761352539062 6.6714606285095214844 6.70035552978515625 6.7274918556213378906 6.7525553703308105469 6.7752175331115722656 7.5525369644165039062 7.5548491477966308594 7.5541872978210449219 7.5501661300659179688 7.5424041748046875 7.5305266380310058594 7.2929682731628417969 7.2673277854919433594 7.2364702224731445312 7.2001118659973144531 7.1580066680908203125 7.10996246337890625 7.0558643341064453125 6.9957094192504882812 6.9296541213989257812 6.8580784797668457031 6.7816710472106933594
4.2588057518005371094 4.3055372238159179688 4.3518218994140625 4.3976740837097167969 4.9772777557373046875 5.0240721702575683594 5.0704631805419921875 5.1164875030517578125 5.1621751785278320312 5.2075490951538085938 6.2880177497863769531 6.3306674957275390625 6.3732371330261230469 6.4156804084777832031 6.457920074462890625 6.4949183464050292969 6.5257239341735839844 6.5558419227600097656 6.5850372314453125 6.6130466461181640625 6.6395788192749023438 6.6643228530883789062 6.6869511604309082031 6.9603619575500488281 7.4731655120849609375 7.473812103271484375 7.4713883399963378906 7.4655303955078125 7.4558892250061035156 7.2173185348510742188 7.1946930885314941406 7.1673059463500976562 7.1349387168884277344 7.0974230766296386719 7.0546565055847167969 7.0066246986389160156 6.9534292221069335938 6.895328521728515625 6.8327841758728027344 6.7665152549743652344
4.2193584442138671875 4.2631611824035644531 4.3064594268798828125 4.8801364898681640625 4.9242429733276367188 4.9678978919982910156 5.0111608505249023438 5.0540914535522460938 5.0967464447021484375 5.1391754150390625 6.2141423225402832031 6.2541966438293457031 6.2943730354309082031 6.3346552848815917969 6.3749909400939941406 6.4102792739868164062 6.4395689964294433594 6.4684734344482421875 6.4967622756958007812 6.5241708755493164062 6.5504055023193359375 6.5751500129699707031 6.5980710983276367188 6.6188259124755859375 7.3906245231628417969 7.3929381370544433594 7.3924503326416015625 7.3888092041015625 7.157917022705078125 7.1426362991333007812 7.12320709228515625 7.0994133949279785156 7.0710878372192382812 7.038120269775390625 7.0004730224609375 6.9581990242004394531 6.9114661216735839844 6.8605828285217285156 6.8060336112976074219 6.74851226806640625
4.1789178848266601562 4.2197389602661132812 4.2599902153015136719 4.8287944793701171875 4.8696722984313964844 4.91008758544921875 4.950122833251953125 4.9898648262023925781 5.0294017791748046875 5.0688161849975585938 6.1371893882751464844 6.1745924949645996094 6.2123570442199707031 6.2505006790161132812 6.2890009880065917969 6.3227047920227050781 6.3506617546081542969 6.3785786628723144531 6.406223297119140625 6.4333243370056152344 6.4595780372619628906 6.4846549034118652344 6.5082077980041503906 6.5298819541931152344 6.549320220947265625 7.3112072944641113281 7.3129978179931640625 7.0893735885620117188 7.080768585205078125 7.0685448646545410156 7.0524725914001464844 7.0323686599731445312 7.0081024169921875 6.97960662841796875 6.9468889236450195312 6.9100437164306640625 6.8692727088928222656 6.8249020576477050781 6.7774052619934082031 6.7274188995361328125
4.137508392333984375 4.1752810478210449219 4.7378754615783691406 4.7759804725646972656 4.8135061264038085938 4.8505506515502929688 4.8872251510620117188 4.9236478805541992188 4.9599437713623046875 4.9962353706359863281 6.056835174560546875 6.0914883613586425781 6.1267838478088378906 6.16278076171875 6.199489593505859375 6.2317190170288085938 6.25852203369140625 6.2856798171997070312 6.3129529953002929688 6.3400564193725585938 6.3666658401489257812 6.392429351806640625 6.4169764518737792969 6.4399290084838867188 6.4609117507934570312 6.9788041114807128906 7.2326922416687011719 7.0092282295227050781 7.0036668777465820312 6.9947099685668945312 6.9821448326110839844 6.9658112525939941406 6.9456067085266113281 6.9214925765991210938 6.8935046195983886719 6.8617615699768066406 6.8264784812927246094 6.7879776954650878906 6.7467012405395507812 6.7032184600830078125
4.0951566696166992188 4.6516108512878417969 4.6870031356811523438 4.72165679931640625 4.75567626953125 4.7891855239868164062 4.82232666015625 4.8552570343017578125 4.8881435394287109375 4.9211559295654296875 4.9544582366943359375 6.0044493675231933594 5.0107827186584472656 5.03792572021484375 5.0656414031982421875 5.0938940048217773438 6.1625928878784179688 6.1892309188842773438 6.2164254188537597656 6.2438669204711914062 6.2712001800537109375 6.2980380058288574219 6.3239736557006835938 6.3485956192016601562 6.37149810791015625 6.3922915458679199219 6.9278421401977539062 6.928569793701171875 6.9263219833374023438 6.9208440780639648438 6.9119348526000976562 6.8994498252868652344 6.883304595947265625 6.8634805679321289062 6.8400311470031738281 6.8130855560302734375 6.7828593254089355469 6.7496576309204101562 6.7138843536376953125 6.6760401725769042969
4.0518975257873535156 4.6028828620910644531 4.6347527503967285156 4.6657872200012207031 4.6961121559143066406 4.7258806228637695312 4.7552709579467773438 4.7844843864440917969 4.8137383460998535156 4.8432598114013671875 4.8730959892272949219 4.896305084228515625 4.9203209877014160156 4.9452600479125976562 4.9711828231811523438 4.9980816841125488281 5.025875091552734375 6.0886015892028808594 6.1160407066345214844 6.1441960334777832031 6.1726665496826171875 6.2010140419006347656 6.2287807464599609375 6.2555069923400878906 6.2807435989379882812 6.3040680885314941406 6.3473200798034667969 6.8471345901489257812 6.8484859466552734375 6.846710205078125 6.8416123390197753906 6.8330583572387695312 6.8209772109985351562 6.805362701416015625 6.78627777099609375 6.7638554573059082031 6.73830413818359375 6.7099080085754394531 6.6790294647216796875 6.6461062431335449219
4.5237021446228027344 4.5529522895812988281 4.5811276435852050781 4.6083426475524902344 4.6347460746765136719 4.6605219841003417969 4.6858897209167480469 4.7111005783081054688 4.7364330291748046875 4.7621827125549316406 4.7848191261291503906 4.8049321174621582031 4.8262257575988769531 4.848880767822265625 4.8730058670043945312 4.8986258506774902344 4.9256730079650878906 5.9830636978149414062 6.01111602783203125 6.0404176712036132812 6.0705022811889648438 6.1008601188659667969 6.1309638023376464844 6.1602869033813476562 6.1883249282836914062 6.2146086692810058594 6.2604794502258300781 6.7647008895874023438 6.7699594497680664062 6.7721261978149414062 6.7710084915161132812 6.7664799690246582031 6.7584786415100097656 6.7470088005065917969 6.7321386337280273438 6.7140016555786132812 6.6927957534790039062 6.6687836647033691406 6.6422891616821289062 6.6136941909790039062
