Example_Dataset/contamination rasters/idw2.asc
ncols        354
nrows        251
xllcorner    35034896.598640002310
yllcorner    54060096.598640002310
cellsize     6.802719999999
NODATA_value -3.4028234663852885981e+38
[rows 126 to 143 of 251, columns 120 to 159 of 354]
10.354557991027832031 10.246542930603027344 10.217634201049804688 10.094446182250976562 9.9716243743896484375 9.7952451705932617188 9.6757640838623046875 9.5623044967651367188 9.4559736251831054688 9.4159631729125976562 9.3185529708862304688 9.2315759658813476562 9.155551910400390625 9.0907697677612304688 9.0372552871704101562 8.9947538375854492188 8.8794412612915039062 8.8558750152587890625 8.84024810791015625 8.8312854766845703125 8.8275918960571289062 8.8277101516723632812 8.8301782608032226562 8.8335742950439453125 8.7839021682739257812 8.7803850173950195312 8.7740354537963867188 8.76389312744140625 8.4848346710205078125 8.4628133773803710938 8.4347219467163085938 8.4001283645629882812 8.3587808609008789062 8.2890100479125976562 8.2310132980346679688 8.1663084030151367188 8.0952777862548828125 8.0184192657470703125 7.9363121986389160156 7.8495893478393554688
10.548209190368652344 10.433222770690917969 10.395234107971191406 10.268297195434570312 10.217720985412597656 10.084703445434570312 9.9568939208984375 9.8355169296264648438 9.7216892242431640625 9.5701608657836914062 9.4710416793823242188 9.3823394775390625 9.3044452667236328125 9.2375345230102539062 9.181552886962890625 9.1362009048461914062 9.0115184783935546875 8.9844312667846679688 8.965190887451171875 8.9526386260986328125 8.9455051422119140625 8.9424533843994140625 8.94211578369140625 8.891475677490234375 8.8880071640014648438 8.8832769393920898438 8.8761119842529296875 8.8654422760009765625 8.8503141403198242188 8.8299102783203125 8.5258808135986328125 8.4888439178466796875 8.44427490234375 8.392063140869140625 8.332305908203125 8.2652912139892578125 8.19146728515625 8.1114063262939453125 8.0257749557495117188 7.9352927207946777344
10.746687889099121094 10.624042510986328125 10.576200485229492188 10.525091171264648438 10.384085655212402344 10.247626304626464844 10.116970062255859375 9.9932460784912109375 9.877452850341796875 9.72371673583984375 9.6224069595336914062 9.5315189361572265625 9.4513311386108398438 9.3819284439086914062 9.3231945037841796875 9.27480316162109375 9.14177703857421875 9.1112375259399414062 9.0885524749755859375 9.0726690292358398438 9.0624284744262695312 9.0565958023071289062 9.053882598876953125 8.9979448318481445312 8.99332427978515625 8.9878988265991210938 8.9803981781005859375 8.9696178436279296875 8.9544582366943359375 8.9339542388916015625 8.636959075927734375 8.5997838973999023438 8.5543699264526367188 8.5005922317504882812 8.4385805130004882812 8.3686847686767578125 8.2914438247680664062 8.207538604736328125 8.1177415847778320312 8.02288055419921875
10.94846343994140625 10.817444801330566406 10.758983612060546875 10.696096420288085938 10.550419807434082031 10.40997314453125 10.275927543640136719 10.149305343627929688 10.030986785888671875 9.874935150146484375 9.7709283828735351562 9.6773653030395507812 9.5944318771362304688 9.5221433639526367188 9.4603395462036132812 9.4086847305297851562 9.268291473388671875 9.2343416213989257812 9.208362579345703125 9.1894006729125976562 9.1763963699340820312 9.1682024002075195312 9.1095790863037109375 9.1034116744995117188 9.098297119140625 9.0928354263305664062 9.085628509521484375 9.0753107070922851562 9.0606069564819335938 9.0403804779052734375 8.7538709640502929688 8.716510772705078125 8.6700382232666015625 8.6143321990966796875 8.5495758056640625 8.4762182235717773438 8.3949213027954101562 8.3065023422241210938 8.21187591552734375 8.11199951171875
11.151785850524902344 11.084773063659667969 10.937800407409667969 10.866106033325195312 10.715229034423828125 10.570281028747558594 10.432332992553710938 10.302289962768554688 10.180906295776367188 10.022418022155761719 9.9152231216430664062 9.8185052871704101562 9.7323760986328125 9.6567983627319335938 9.5915880203247070312 9.5364131927490234375 9.3895311355590820312 9.352169036865234375 9.3229990005493164062 9.3011646270751953125 9.2857036590576171875 9.2224130630493164062 9.2128200531005859375 9.20629119873046875 9.2014064788818359375 9.1966581344604492188 9.1904840469360351562 9.181324005126953125 9.167690277099609375 9.1482381820678710938 8.8759469985961914062 8.8384351730346679688 8.7907457351684570312 8.732776641845703125 8.664798736572265625 8.5873937606811523438 8.5013904571533203125 8.407779693603515625 8.3076486587524414062 8.2021150588989257812
11.42474365234375 11.267177581787109375 11.112134933471679688 11.033599853515625 10.877085685729980469 10.727211952209472656 10.584929466247558594 10.451016426086425781 10.326097488403320312 10.210659980773925781 10.054241180419921875 9.9539289474487304688 9.8641796112060546875 9.7849187850952148438 9.7159557342529296875 9.6569814682006835938 9.5043573379516601562 9.4635229110717773438 9.4311952590942382812 9.4066209793090820312 9.3889360427856445312 9.3213872909545898438 9.3113460540771484375 9.305110931396484375 9.3011903762817382812 9.297939300537109375 9.2936000823974609375 9.2863750457763671875 9.274517059326171875 9.0695781707763671875 9.0022106170654296875 8.9646768569946289062 8.9156618118286132812 8.8551282882690429688 8.783466339111328125 8.7014369964599609375 8.6100778579711914062 8.510601043701171875 8.4043025970458984375 8.2924852371215820312
11.61376190185546875 11.446555137634277344 11.283036231994628906 11.19708251953125 11.034644126892089844 10.879555702209472656 10.732636451721191406 10.594521522521972656 10.465703964233398438 10.346545219421386719 10.187246322631835938 10.082962989807128906 9.9892139434814453125 9.9059057235717773438 9.832851409912109375 9.7697772979736328125 9.6120080947875976562 9.5675745010375976562 9.5320386886596679688 9.504428863525390625 9.4823160171508789062 9.4139108657836914062 9.4038934707641601562 9.3985357284545898438 9.3962640762329101562 9.3952732086181640625 9.39357757568359375 9.3890943527221679688 9.37976837158203125 9.1927785873413085938 9.1301908493041992188 9.0940036773681640625 9.04360198974609375 8.9802350997924804688 8.904453277587890625 8.8172445297241210938 8.7199077606201171875 8.6139202117919921875 8.500827789306640625 8.3821477890014648438
11.798041343688964844 11.620954513549804688 11.448796272277832031 11.355101585388183594 11.186649322509765625 11.026244163513183594 10.87454986572265625 10.732054710388183594 10.599109649658203125 10.475955963134765625 10.313790321350097656 10.205241203308105469 10.107178688049316406 10.019497871398925781 9.9420318603515625 9.874553680419921875 9.7119207382202148438 9.6638498306274414062 9.6236734390258789062 9.59112548828125 9.5671453475952148438 9.5509090423583984375 9.4894046783447265625 9.4853811264038085938 9.485332489013671875 9.48728179931640625 9.4889812469482421875 9.4880218505859375 9.3247423171997070312 9.3162899017333984375 9.2595567703247070312 9.2242603302001953125 9.1729536056518554688 9.1065273284912109375 9.0262317657470703125 8.9333353042602539062 8.8294515609741210938 8.7163743972778320312 8.595935821533203125 8.4698934555053710938
11.975232124328613281 11.788363456726074219 12.017884254455566406 11.845257759094238281 11.331956863403320312 11.166350364685058594 11.009943008422851562 10.863064765930175781 10.725923538208007812 10.550148963928222656 10.429993629455566406 10.3203277587890625 10.218059539794921875 10.125737190246582031 10.043570518493652344 9.8606367111206054688 9.801464080810546875 9.7497501373291015625 9.7046308517456054688 9.6693859100341796875 9.6434907913208007812 9.6262407302856445312 9.5670442581176757812 9.5646343231201171875 9.5672149658203125 9.5726318359375 9.5783548355102539062 9.581607818603515625 9.4428014755249023438 9.4380846023559570312 9.3882160186767578125 9.3532571792602539062 9.301605224609375 9.2319469451904296875 9.1468114852905273438 9.0478010177612304688 8.9369001388549804688 8.8162631988525390625 8.688045501708984375 8.554271697998046875
12.530858993530273438 12.343191146850585938 12.16010284423828125 11.982737541198730469 11.811916351318359375 11.29911041259765625 11.138268470764160156 10.987195968627929688 10.845960617065429688 10.662084579467773438 10.53762054443359375 10.423531532287597656 10.319708824157714844 10.224925041198730469 10.137814521789550781 9.9469308853149414062 9.8833112716674804688 9.8260974884033203125 9.77741241455078125 9.7392568588256835938 9.7112607955932617188 9.6928567886352539062 9.6362161636352539062 9.6354780197143554688 9.6408710479736328125 9.6500654220581054688 9.6602420806884765625 9.5441150665283203125 9.5561857223510742188 9.55570220947265625 9.5135469436645507812 9.47911834716796875 9.4260511398315429688 9.3539075851440429688 9.2637090682983398438 9.1582880020141601562 9.0400476455688476562 8.9115476608276367188 8.775295257568359375 8.6335973739624023438
12.673521995544433594 12.48015594482421875 12.29227447509765625 12.110837936401367188 11.936468124389648438 11.769547462463378906 11.259159088134765625 11.104280471801757812 10.906125068664550781 10.767141342163085938 10.638468742370605469 10.519974708557128906 10.411535263061523438 10.313043594360351562 10.105256080627441406 10.026303291320800781 9.9579744338989257812 9.8950014114379882812 9.84246063232421875 9.801082611083984375 9.7706651687622070312 9.7507991790771484375 9.7407579421997070312 9.6973285675048828125 9.7054386138916015625 9.7184391021728515625 9.6164178848266601562 9.6441936492919921875 9.6621389389038085938 9.66623687744140625 9.632366180419921875 9.5986423492431640625 9.5439939498901367188 9.469058990478515625 9.373943328857421875 9.2620000839233398438 9.1363134384155273438 8.9998769760131835938 8.8555688858032226562 8.70598602294921875
12.80286407470703125 12.604991912841796875 12.41341400146484375 12.228880882263183594 12.051808357238769531 11.882375717163085938 11.369879722595214844 11.161281585693359375 11.008337020874023438 10.865633964538574219 10.732981681823730469 10.6102142333984375 10.497205734252929688 10.393870353698730469 10.299173355102539062 10.207983016967773438 10.025576591491699219 9.9571990966796875 9.9004688262939453125 9.8554792404174804688 9.8222064971923828125 9.8004150390625 9.7895269393920898438 9.7498693466186523438 9.7602901458740234375 9.7767887115478515625 9.6994104385375976562 9.7337179183959960938 9.75759124755859375 9.7663898468017578125 9.7409715652465820312 9.7080821990966796875 9.6519489288330078125 9.5733852386474609375 9.4741010665893554688 9.3557720184326171875 9.2228116989135742188 9.0786600112915039062 8.9265699386596679688 8.7694244384765625
12.917428970336914062 12.716647148132324219 12.522805213928222656 12.336440086364746094 12.157753944396972656 11.986734390258789062 11.466649055480957031 11.608943939208984375 11.103991508483886719 10.958035469055175781 10.821744918823242188 10.69493865966796875 10.5774993896484375 10.469378471374511719 10.369617462158203125 10.273293495178222656 10.086855888366699219 10.013615608215332031 9.952342987060546875 9.9033041000366210938 9.866657257080078125 9.8423490524291992188 9.8299655914306640625 9.7930955886840820312 9.80509185791015625 9.7239313125610351562 9.7695026397705078125 9.8098344802856445312 9.8392915725708007812 9.852603912353515625 9.8352785110473632812 9.80328369140625 9.7458162307739257812 9.66385650634765625 9.5598897933959960938 9.4362049102783203125 9.2964811325073242188 9.1451845169067382812 8.9859285354614257812 8.8218641281127929688
13.016211509704589844 12.814471244812011719 12.620092391967773438 12.433399200439453125 12.254393577575683594 12.082881927490234375 11.86118316650390625 11.697749137878417969 11.541743278503417969 11.044958114624023438 10.905465126037597656 10.774939537048339844 10.653290748596191406 10.540517807006835938 10.43575286865234375 10.334287643432617188 10.080998420715332031 10.006917953491210938 9.9991559982299804688 9.9456129074096679688 9.9050245285034179688 9.8775167465209960938 9.8628482818603515625 9.8602266311645507812 9.7249479293823242188 9.7742624282836914062 9.8244943618774414062 9.8698225021362304688 9.9040498733520507812 9.921314239501953125 9.9110860824584960938 9.8799428939819335938 9.821346282958984375 9.7364101409912109375 9.627948760986328125 9.4998731613159179688 9.35428619384765625 9.1967945098876953125 9.0313510894775390625 8.8613462448120117188
13.098804473876953125 12.898328781127929688 12.705353736877441406 12.520009994506835938 12.342118263244628906 12.115423202514648438 11.944339752197265625 11.780344009399414062 11.623120307922363281 11.472403526306152344 10.984950065612792969 10.851087570190429688 10.725511550903320312 10.608284950256347656 10.432687759399414062 10.221082687377929688 10.130240440368652344 10.0516204833984375 9.9847965240478515625 9.9306669235229492188 9.9384937286376953125 9.9070606231689453125 9.889225006103515625 9.88434600830078125 9.7580213546752929688 9.8094530105590820312 9.8626241683959960938 9.911376953125 9.9490575790405273438 9.9692974090576171875 9.9644708633422851562 9.934009552001953125 9.8745260238647460938 9.7872161865234375 9.675151824951171875 9.5425968170166015625 9.359600067138671875 9.1887884140014648438 9.0099658966064453125 8.8269710540771484375
13.165529251098632812 12.968685150146484375 12.779169082641601562 12.596935272216796875 12.36792755126953125 12.191213607788085938 12.02123260498046875 11.857577323913574219 11.699891090393066406 11.547894477844238281 11.40140533447265625 10.924309730529785156 10.795124053955078125 10.604325294494628906 10.486728668212890625 10.272771835327148438 10.176821708679199219 10.093013763427734375 10.022046089172363281 9.9630880355834960938 9.9182100296020507812 9.888080596923828125 9.8726720809936523438 9.9021091461181640625 9.777530670166015625 9.8289022445678710938 9.8828229904174804688 9.9329319000244140625 9.9722719192504882812 9.9941015243530273438 9.9922838211059570312 9.9621791839599609375 9.9020528793334960938 9.8131151199340820312 9.6985883712768554688 9.5373125076293945312 9.3749532699584960938 9.1999902725219726562 9.01714324951171875 8.8304052352905273438
13.216912269592285156 13.025732994079589844 12.84134674072265625 12.614324569702148438 12.434362411499023438 12.260706901550292969 12.092888832092285156 11.930461883544921875 11.773055076599121094 11.620404243469238281 11.472362518310546875 11.328907012939453125 10.791783332824707031 10.661174774169921875 10.539251327514648438 10.255696296691894531 10.156586647033691406 10.070099830627441406 9.9970998764038085938 9.9384136199951171875 9.9428853988647460938 9.9076681137084960938 9.8875761032104492188 9.8820543289184570312 9.7839288711547851562 9.832794189453125 9.874034881591796875 9.927906036376953125 9.9703550338745117188 9.9939832687377929688 9.9926090240478515625 9.9621753692626953125 9.9012537002563476562 9.811023712158203125 9.6947679519653320312 9.531543731689453125 9.3670129776000976562 9.1898660659790039062 9.004940032958984375 8.8163127899169921875
13.245190620422363281 13.061411857604980469 12.883725166320800781 12.711842536926269531 12.494639396667480469 12.32521820068359375 12.160546302795410156 12.000166893005371094 11.843722343444824219 11.690988540649414062 11.541880607604980469 11.323850631713867188 11.175640106201171875 10.717265129089355469 10.591156005859375 10.300077438354492188 10.195693016052246094 10.1037139892578125 10.025101661682128906 9.9607763290405273438 9.9115133285522460938 9.8778047561645507812 9.859539031982421875 9.8863267898559570312 9.8875055313110351562 9.8016262054443359375 9.8555231094360351562 9.9061841964721679688 9.9460582733154296875 9.96772003173828125 9.9649057388305664062 9.933444976806640625 9.871791839599609375 9.7810258865356445312 9.664363861083984375 9.4998340606689453125 9.3351392745971679688 9.1579008102416992188 8.97295379638671875 8.7843828201293945312
