Example_Dataset/contamination rasters/idw2.asc
ncols        354
nrows        251
xllcorner    35034896.598640002310
yllcorner    54060096.598640002310
cellsize     6.802719999999
NODATA_value -3.4028234663852885981e+38
[rows 108 to 125 of 251, columns 0 to 39 of 354]
1.5318199396133422852 1.543766021728515625 1.5564332008361816406 1.5697742700576782227 1.5837339162826538086 1.5982487201690673828 1.6132477521896362305 1.6286528110504150391 1.6444295644760131836 1.6605482101440429688 1.6767930984497070312 1.693062901496887207 1.7092525959014892578 1.7252547740936279297 1.7409596443176269531 1.7562563419342041016 1.7710334062576293945 1.7851786613464355469 1.7985802888870239258 1.8111261129379272461 1.8227041959762573242 1.833202362060546875 1.842507481575012207 1.8505049943923950195 1.8570781946182250977 1.8621069192886352539 1.8654665946960449219 1.8670264482498168945 1.8666487932205200195 1.8641866445541381836 1.8594830036163330078 1.8523690700531005859 1.8426636457443237305 1.8301727771759033203 1.8146902322769165039 1.7960000038146972656 1.7735198736190795898 1.7472403049468994141 1.7293350696563720703 1.6936624050140380859
1.5212109088897705078 1.5334057807922363281 1.5463815927505493164 1.5600893497467041016 1.57447052001953125 1.5894579887390136719 1.6049761772155761719 1.6209416389465332031 1.6372635364532470703 1.6538449525833129883 1.6705833673477172852 1.687441706657409668 1.7043192386627197266 1.7210118770599365234 1.7374033927917480469 1.7533764839172363281 1.7688136100769042969 1.7835974693298339844 1.7976106405258178711 1.8107362985610961914 1.8228580951690673828 1.8338590860366821289 1.8436217308044433594 1.8520269393920898438 1.8589525222778320312 1.8642722368240356445 1.867853999137878418 1.8695579767227172852 1.8692346811294555664 1.8667228221893310547 1.8618465662002563477 1.8544137477874755859 1.8442134857177734375 1.8310148715972900391 1.8145653009414672852 1.7945916652679443359 1.7708027362823486328 1.7553601264953613281 1.7208580970764160156 1.6818988323211669922
1.5082212686538696289 1.5206848382949829102 1.5340000391006469727 1.5481151342391967773 1.5629687309265136719 1.5784891843795776367 1.5945953130722045898 1.6111978292465209961 1.6281988620758056641 1.6454943418502807617 1.6629739999771118164 1.680522918701171875 1.6980226039886474609 1.7153519392013549805 1.7324731349945068359 1.7492276430130004883 1.7654296159744262695 1.7809553146362304688 1.7956821918487548828 1.8094886541366577148 1.8222535848617553711 1.8338559865951538086 1.844174504280090332 1.8530858755111694336 1.8604637384414672852 1.8661767244338989258 1.8700869083404541016 1.8720469474792480469 1.8718973398208618164 1.8694642782211303711 1.8645554780960083008 1.8569576740264892578 1.8464325666427612305 1.8327139616012573242 1.8155050277709960938 1.8507573604583740234 1.8213995695114135742 1.7875914573669433594 1.7489209175109863281 1.7049690485000610352
1.492778778076171875 1.5055298805236816406 1.5192143917083740234 1.5337784290313720703 1.5491566658020019531 1.5652724504470825195 1.5820385217666625977 1.5993584394454956055 1.6171265840530395508 1.6352300643920898438 1.6535500288009643555 1.6719626188278198242 1.6903401613235473633 1.7085530757904052734 1.7264703512191772461 1.7439606189727783203 1.7608933448791503906 1.7772325277328491211 1.7927793264389038086 1.8073709011077880859 1.8208817243576049805 1.8331874608993530273 1.8441632986068725586 1.8536828756332397461 1.861616969108581543 1.8678307533264160156 1.872182011604309082 1.8745179176330566406 1.8746720552444458008 1.8724606037139892578 1.8676782846450805664 1.8600939512252807617 1.8494462966918945312 1.8976625204086303711 1.8757712841033935547 1.8499089479446411133 1.8196494579315185547 1.7845183610916137695 1.7439970970153808594 1.6975347995758056641
1.474801182746887207 1.4878565073013305664 1.5019397735595703125 1.516994476318359375 1.5329511165618896484 1.5497272014617919922 1.5672286748886108398 1.5853506326675415039 1.6039785146713256836 1.6229897737503051758 1.642254948616027832 1.6616399288177490234 1.6810069084167480469 1.7002162933349609375 1.7191275358200073242 1.7376010417938232422 1.7554982900619506836 1.7726829051971435547 1.7890208959579467773 1.8043805360794067383 1.8187285661697387695 1.8318420648574829102 1.8435791730880737305 1.8538116216659545898 1.8624085187911987305 1.8692337274551391602 1.8741428852081298828 1.8769805431365966797 1.8775762319564819336 1.87574005126953125 1.8712579011917114258 1.9318588972091674805 1.9171446561813354492 1.899031519889831543 1.8771550655364990234 1.8510936498641967773 1.8203637599945068359 1.7844160795211791992 1.7426360845565795898 1.6943513154983520508
1.4541962146759033203 1.467570185661315918 1.4820804595947265625 1.4976677894592285156 1.5142579078674316406 1.5317621231079101562 1.5500781536102294922 1.5690916776657104492 1.5886776447296142578 1.6087021827697753906 1.6290240287780761719 1.6494970321655273438 1.6699715852737426758 1.6902967691421508789 1.7103214263916015625 1.7298960685729980469 1.7488739490509033203 1.7671113014221191406 1.7844681739807128906 1.8008080720901489258 1.8159978389739990234 1.8299067020416259766 1.8424066305160522461 1.8534576892852783203 1.8628252744674682617 1.8703736066818237305 1.8759592771530151367 1.8794271945953369141 1.8806064128875732422 1.9527038335800170898 1.9445896148681640625 1.9335980415344238281 1.9194487333297729492 1.9018114805221557617 1.8802990913391113281 1.8544583320617675781 1.8237621784210205078 1.7876029014587402344 1.7452894449234008789 1.696049809455871582
1.4308621883392333984 1.4445661306381225586 1.4595303535461425781 1.4756922721862792969 1.4929727315902709961 1.5112755298614501953 1.5304894447326660156 1.5504893064498901367 1.5711380243301391602 1.5922883749008178711 1.6137857437133789062 1.6354697942733764648 1.6571775674819946289 1.6787450313568115234 1.7000089883804321289 1.7208091020584106445 1.7409889698028564453 1.7603970766067504883 1.7788869142532348633 1.7963174581527709961 1.8125525712966918945 1.8274599313735961914 1.8409098386764526367 1.8527731895446777344 1.8629194498062133789 1.8712269067764282227 1.877606511116027832 1.9602304697036743164 1.9581261873245239258 1.9535568952560424805 1.9463201761245727539 1.936177372932434082 1.9228461980819702148 1.9059917926788330078 1.885216832160949707 1.8600513935089111328 1.8299437761306762695 1.7942503690719604492 1.7522301673889160156 1.7030444145202636719
1.4046891927719116211 1.4187309741973876953 1.4341737031936645508 1.4509520530700683594 1.4689809083938598633 1.4881560802459716797 1.5083558559417724609 1.5294427871704101562 1.551265716552734375 1.5736622810363769531 1.5964618921279907227 1.6194885969161987305 1.6425635814666748047 1.6655077934265136719 1.6881443262100219727 1.7103006839752197266 1.7318097352981567383 1.7525110244750976562 1.7722514867782592773 1.7908854484558105469 1.8082739114761352539 1.8242838382720947266 1.8387864828109741211 1.8516557216644287109 1.8627653121948242188 1.8719857931137084961 1.9580788612365722656 1.9593499898910522461 1.9583089351654052734 1.954790949821472168 1.9486027956008911133 1.9395151138305664062 1.9272534847259521484 1.9114897251129150391 1.8918308019638061523 1.8678081035614013672 1.8388663530349731445 1.8043527603149414062 1.7635091543197631836 1.7154701948165893555
1.3755601644515991211 1.3899431228637695312 1.4058866500854492188 1.4233224391937255859 1.4421592950820922852 1.4622837305068969727 1.483562469482421875 1.5058435201644897461 1.5289597511291503906 1.5527312755584716797 1.5769693851470947266 1.6014795303344726562 1.6260647773742675781 1.6505291461944580078 1.674679875373840332 1.6983302831649780273 1.7213015556335449219 1.7434234619140625 1.7645357847213745117 1.7844877243041992188 1.8031381368637084961 1.8203536272048950195 1.8360079526901245117 1.8499790430068969727 1.8621469736099243164 1.8723906278610229492 1.9560509920120239258 1.9585053920745849609 1.958639979362487793 1.9563051462173461914 1.9513235092163085938 1.9434827566146850586 1.9325268268585205078 1.9181461334228515625 1.8999674320220947266 1.877541661262512207 1.850333094596862793 1.8177078962326049805 1.7789266109466552734 1.7331409454345703125
1.343353271484375 1.358075261116027832 1.3745386600494384766 1.3926719427108764648 1.412377476692199707 1.433531641960144043 1.4559874534606933594 1.4795768260955810547 1.5041139125823974609 1.5293989181518554688 1.5552215576171875 1.5813661813735961914 1.6076151132583618164 1.6337523460388183594 1.6595674753189086914 1.6848576068878173828 1.7094305753707885742 1.7331055402755737305 1.7557140588760375977 1.7771005630493164062 1.7971214056015014648 1.8156440258026123047 1.8325450420379638672 1.8477083444595336914 1.8610223531723022461 1.9479538202285766602 1.9538815021514892578 1.957604527473449707 1.9590115547180175781 1.9579727649688720703 1.9543336629867553711 1.9479069709777832031 1.9384645223617553711 1.9257277250289916992 1.9093573093414306641 1.8889424800872802734 1.8639895915985107422 1.8339117765426635742 1.7980223894119262695 1.7555333375930786133
1.307944178581237793 1.3229967355728149414 1.3399947881698608398 1.3588643074035644531 1.3795000314712524414 1.4017676115036010742 1.4255044460296630859 1.4505239725112915039 1.4766187667846679688 1.5035655498504638672 1.5311300754547119141 1.5590715408325195312 1.5871483087539672852 1.6151219606399536133 1.6427609920501708984 1.6698448657989501953 1.6961658000946044922 1.7215311527252197266 1.7457637786865234375 1.7687025070190429688 1.7902019023895263672 1.8101302385330200195 1.8283685445785522461 1.844807744026184082 2.0495514869689941406 2.0573585033416748047 2.0628392696380615234 1.956544041633605957 1.9592988491058349609 1.959644317626953125 1.9574543237686157227 1.9525740146636962891 1.9448121786117553711 1.9339319467544555664 1.9196420907974243164 1.9015862941741943359 1.87933349609375 1.8523688316345214844 1.8200891017913818359 1.7818036079406738281
1.0919119119644165039 1.2845771312713623047 1.3021196126937866211 1.3217614889144897461 1.3433898687362670898 1.3668577671051025391 1.3919855356216430664 1.4185647964477539062 1.4463639259338378906 1.4751324653625488281 1.5046076774597167969 1.5345206260681152344 1.5646015405654907227 1.5945858955383300781 1.6242188215255737305 1.6532588005065917969 1.6814811229705810547 1.7086793184280395508 1.7346669435501098633 1.7592769861221313477 1.7823617458343505859 1.8037912845611572266 2.0197193622589111328 2.0335686206817626953 2.0451722145080566406 2.0544698238372802734 2.0614049434661865234 2.0659205913543701172 2.0679538249969482422 2.0674297809600830078 2.0642566680908203125 2.0583181381225585938 1.9512711763381958008 1.9423985481262207031 1.9303872585296630859 1.9149494171142578125 1.8957334756851196289 1.872317194938659668 1.8442047834396362305 1.8108313083648681641
1.0561082363128662109 1.0707830190658569336 1.2612453699111938477 1.2812285423278808594 1.303912043571472168 1.3286703824996948242 1.355304718017578125 1.3835822343826293945 1.4132425785064697266 1.4440044164657592773 1.4755722284317016602 1.5076438188552856445 1.5399178266525268555 1.5720993280410766602 1.6039063930511474609 1.6350740194320678711 1.6653579473495483398 1.6945369243621826172 1.7224134206771850586 1.7488142251968383789 1.973836064338684082 1.9938466548919677734 2.0116508007049560547 2.0271782875061035156 2.0403752326965332031 2.0511999130249023438 2.0596179962158203125 2.0655984878540039062 2.0691080093383789062 2.0701072216033935547 2.0685439109802246094 2.0643477439880371094 2.0574243068695068359 2.0476477146148681641 2.0348536968231201172 2.0188322067260742188 1.9124585390090942383 1.8928662538528442383 1.8692827224731445312 1.8412866592407226562
0.68230223655700683594 1.0321152210235595703 1.0493830442428588867 1.239288330078125 1.2623236179351806641 1.2876492738723754883 1.3153436183929443359 1.3454661369323730469 1.3771557807922363281 1.4100948572158813477 1.4439501762390136719 1.4783816337585449219 1.5130504369735717773 1.547627568244934082 1.5817998647689819336 1.6152756214141845703 1.6477887630462646484 1.6791008710861206055 1.7090027332305908203 1.9371725320816040039 1.9614064693450927734 1.9833877086639404297 2.0030343532562255859 2.0202879905700683594 2.0351114273071289062 2.0474822521209716797 2.0573902130126953125 2.0648314952850341797 2.0698053836822509766 2.0723090171813964844 2.0723330974578857422 2.0698568820953369141 2.0648434162139892578 2.0572328567504882812 2.0469386577606201172 2.0338406562805175781 2.0177812576293945312 1.9985622167587280273 1.9759466648101806641 1.9496668577194213867
0.65405583381652832031 0.66529941558837890625 1.0079648494720458984 1.1939287185668945312 1.2182410955429077148 1.2451494932174682617 1.2744022607803344727 1.3057019710540771484 1.3387131690979003906 1.3733316659927368164 1.4096831083297729492 1.4466888904571533203 1.4839677810668945312 1.5211511850357055664 1.5578905344009399414 1.5938638448715209961 1.6287802457809448242 1.8621972799301147461 1.8930993080139160156 1.9218418598175048828 1.9482810497283935547 1.9723103046417236328 1.9938560724258422852 2.0128736495971679688 2.0293419361114501953 2.0432600975036621094 2.0546419620513916016 2.0635128021240234375 2.0699048042297363281 2.0738530158996582031 2.0753920078277587891 2.0745518207550048828 2.0713541507720947266 2.0658082962036132812 2.0579073429107666016 2.0476241111755371094 2.0349080562591552734 2.0196847915649414062 2.0018570423126220703 1.9813148975372314453
0.62371236085891723633 0.63494336605072021484 0.64826405048370361328 0.98432558774948120117 1.1703495979309082031 1.1989465951919555664 1.2302048206329345703 1.2637892961502075195 1.2993204593658447266 1.3363863229751586914 1.3745554685592651367 1.4133894443511962891 1.4526591300964355469 1.4926711320877075195 1.5321893692016601562 1.7675751447677612305 1.805209040641784668 1.8409335613250732422 1.8745063543319702148 1.9057353734970092773 1.9344754219055175781 1.9606242179870605469 1.9841177463531494141 2.004924774169921875 2.0230424404144287109 2.0384907722473144531 2.0513088703155517578 2.0615506172180175781 2.0692806243896484375 2.0745720863342285156 2.0775029659271240234 2.0781531333923339844 2.0766024589538574219 2.0729286670684814453 2.067203521728515625 2.0594918727874755859 2.0498495101928710938 2.0383231639862060547 2.0249531269073486328 2.0097799301147460938
0.59126514196395874023 0.60243153572082519531 0.61591941118240356445 0.7854811549186706543 1.1185681819915771484 1.1489607095718383789 1.1823723316192626953 1.2184253931045532227 1.2566895484924316406 1.2966964244842529297 1.3379552364349365234 1.3799684047698974609 1.4222469329833984375 1.4643229246139526367 1.6964691877365112305 1.7390865087509155273 1.7799261808395385742 1.8186693191528320312 1.855057835578918457 1.8888913393020629883 1.9200235605239868164 1.9483571052551269531 1.9738379716873168945 1.9964492321014404297 2.0162060260772705078 2.0331501960754394531 2.0473449230194091797 2.058872222900390625 2.0678286552429199219 2.0743229389190673828 2.0784742832183837891 2.080410003662109375 2.0802659988403320312 2.0781831741333007812 2.0743095874786376953 2.0687973499298095703 2.0618040561676025391 2.0534923076629638672 2.0440320968627929688 2.0336060523986816406
0.55673670768737792969 0.56777834892272949219 0.58139801025390625 0.59759378433227539062 0.76619577407836914062 1.0951573848724365234 1.1308743953704833984 1.1695873737335205078 1.21080780029296875 1.2540024518966674805 1.2986124753952026367 1.3440724611282348633 1.3898280858993530273 1.6153173446655273438 1.6630781888961791992 1.7092899084091186523 1.7535359859466552734 1.7954704761505126953 1.8348183631896972656 1.8713707923889160156 1.9049808979034423828 1.9355567693710327148 1.9630550146102905273 1.9874734878540039062 2.0088458061218261719 2.0272343158721923828 2.0427265167236328125 2.0554304122924804688 2.0654718875885009766 2.0729930400848388672 2.0781497955322265625 2.0811128616333007812 2.0820677280426025391 2.0812144279479980469 2.0787694454193115234 2.0749657154083251953 2.0700545310974121094 2.0643067359924316406 2.0580132007598876953 2.0514886379241943359
