Example_Dataset/contamination rasters/idw2.asc
ncols        354
nrows        251
xllcorner    35034896.598640002310
yllcorner    54060096.598640002310
cellsize     6.802719999999
NODATA_value -3.4028234663852885981e+38
[rows 0 to 17 of 251, columns 40 to 79 of 354]
0.1334524303674697876 0.13299986720085144043 0.13172458112239837646 0.12953683733940124512 0.12635910511016845703 0.12213110923767089844 0.11681533604860305786 0.11040291190147399902 0.10291963070631027222 0.094431899487972259521 0.085052154958248138428 0.074943125247955322266 0.064320266246795654297 0.053451564162969589233 0.042653821408748626709 0.032284807413816452026 0.022730747237801551819 0.014389391988515853882 0.0076492615044116973877 0.0028666215948760509491 0.00034222961403429508209 0.00030036410316824913025 0.0028726053424179553986 0.0080883931368589401245 0.015873502939939498901 0.026056500151753425598 0.038382090628147125244 0.052529487758874893188 0.068133428692817687988 0.084805406630039215088 0.10215320438146591187 0.11979720741510391235 0.1394099891185760498 0.15680816769599914551 0.17350688576698303223 0.18925747275352478027 0.20385155081748962402 0.21711814403533935547 0.22891958057880401611 0.23914699256420135498
0.13259293138980865479 0.1325149834156036377 0.13160620629787445068 0.12976945936679840088 0.12692028284072875977 0.12299209088087081909 0.11794179677963256836 0.1117558702826499939 0.10445656627416610718 0.096108026802539825439 0.08682190626859664917 0.076761804521083831787 0.066145934164524078369 0.055247023701667785645 0.044388663023710250854 0.033937346190214157104 0.024289729073643684387 0.015855198726058006287 0.0090344538912177085876 0.0041956105269491672516 0.0016500108176842331886 0.0016303247539326548576 0.0042735687457025051117 0.0096111800521612167358 0.017567377537488937378 0.027965867891907691956 0.040543805807828903198 0.054970979690551757812 0.070871748030185699463 0.087847188115119934082 0.10549538582563400269 0.12342830747365951538 0.14332751929759979248 0.16097070276737213135 0.17788740992546081543 0.19382734596729278564 0.20858190953731536865 0.22198088467121124268 0.23388810455799102783 0.24419657886028289795
0.13177995383739471436 0.13214421272277832031 0.13167618215084075928 0.13027210533618927002 0.12784145772457122803 0.12431224435567855835 0.11963676661252975464 0.11379770189523696899 0.10681434720754623413 0.098748825490474700928 0.08971169590950012207 0.079866491258144378662 0.069432348012924194336 0.058683987706899642944 0.047948051244020462036 0.037595096975564956665 0.028026763349771499634 0.019658133387565612793 0.012896029278635978699 0.0081147449091076850891 0.0056314026005566120148 0.0056835883297026157379 0.0084119522944092750549 0.01384996902197599411 0.021922156214714050293 0.032450824975967407227 0.045170273631811141968 0.059746351093053817749 0.075798846781253814697 0.092924132943153381348 0.11071588099002838135 0.1287822723388671875 0.14883852005004882812 0.16658169031143188477 0.18358221650123596191 0.19959001243114471436 0.2143974006175994873 0.22783571481704711914 0.23977072536945343018 0.25009760260581970215
0.13098034262657165527 0.13185428082942962646 0.13190099596977233887 0.13101087510585784912 0.12908831238746643066 0.12605704367160797119 0.12186583131551742554 0.1164945065975189209 0.10996020585298538208 0.10232336819171905518 0.093693301081657409668 0.084232516586780548096 0.074159316718578338623 0.063747622072696685791 0.053323294967412948608 0.043256118893623352051 0.033947017043828964233 0.025810522958636283875 0.019253199920058250427 0.014649487100541591644 0.012317149899899959564 0.012494948692619800568 0.015325186774134635925 0.020843362435698509216 0.028976211324334144592 0.039548285305500030518 0.052295986562967300415 0.066887013614177703857 0.082942731678485870361 0.10006080567836761475 0.1178360283374786377 0.13587762415409088135 0.15382234752178192139 0.17365524172782897949 0.19060438871383666992 0.20655800402164459229 0.22131049633026123047 0.2346954345703125 0.24658091366291046143 0.25686445832252502441
0.13015978038311004639 0.13160955905914306641 0.13224306702613830566 0.13194581866264343262 0.13061819970607757568 0.12818074226379394531 0.12457986921072006226 0.11979364603757858276 0.11383784562349319458 0.10677166283130645752 0.098703019320964813232 0.089792571961879730225 0.080256059765815734863 0.070363916456699371338 0.060437485575675964355 0.050841040909290313721 0.041969232261180877686 0.034229911863803863525 0.028023090213537216187 0.023717395961284637451 0.021626137197017669678 0.021985486149787902832 0.024937363341450691223 0.030519168823957443237 0.038661658763885498047 0.049195129424333572388 0.061862908303737640381 0.07634022831916809082 0.092256046831607818604 0.1092152819037437439 0.12681931257247924805 0.14468315243721008301 0.16244859993457794189 0.1821696162223815918 0.19893710315227508545 0.21471916139125823975 0.22931338846683502197 0.24255621433258056641 0.25431844592094421387 0.26449999213218688965
0.12928533554077148438 0.13137441873550415039 0.13266336917877197266 0.13303366303443908691 0.1323827207088470459 0.13062912225723266602 0.12771807610988616943 0.12362691015005111694 0.11837084591388702393 0.11200828105211257935 0.10464561730623245239 0.096440896391868591309 0.087605699896812438965 0.078404463827610015869 0.06915057450532913208 0.060198456048965454102 0.051931377500295639038 0.044744897633790969849 0.039026718586683273315 0.035134173929691314697 0.03337140008807182312 0.033968456089496612549 0.037064898759126663208 0.042699784040451049805 0.050809387117624282837 0.061232816427946090698 0.073724642395973205566 0.0879727974534034729 0.10361935943365097046 0.12028196454048156738 0.13757368922233581543 0.15511986613273620605 0.17257098853588104248 0.18961153924465179443 0.20853438973426818848 0.22403702139854431152 0.23837803304195404053 0.25139740109443664551 0.26296883821487426758 0.2729949653148651123
0.12832847237586975098 0.13111642003059387207 0.13312445580959320068 0.13423089683055877686 0.13433130085468292236 0.13334333896636962891 0.13121207058429718018 0.12791512906551361084 0.12346787005662918091 0.11792825907468795776 0.1114010736346244812 0.10404101014137268066 0.096054062247276306152 0.087696477770805358887 0.079270683228969573975 0.071117527782917022705 0.063604533672332763672 0.057110197842121124268 0.052005022764205932617 0.048630401492118835449 0.047277249395847320557 0.048166446387767791748 0.051433358341455459595 0.057118307799100875854 0.065164163708686828613 0.075421266257762908936 0.087658956646919250488 0.10158211737871170044 0.11685064435005187988 0.13309964537620544434 0.14995832741260528564 0.16706635057926177979 0.18408632278442382812 0.20071269571781158447 0.21932365000247955322 0.23445251584053039551 0.24845719337463378906 0.26118180155754089355 0.27250343561172485352 0.28232753276824951172
0.12726835906505584717 0.13080956041812896729 0.13359396159648895264 0.13549761474132537842 0.13641507923603057861 0.13626420497894287109 0.13499088585376739502 0.13257382810115814209 0.12902916967868804932 0.12441469728946685791 0.11883341521024703979 0.11243602633476257324 0.10542169958353042603 0.098036661744117736816 0.090569965541362762451 0.083345890045166015625 0.076712794601917266846 0.071028403937816619873 0.066642224788665771484 0.063876107335090637207 0.063004560768604278564 0.064236812293529510498 0.067702472209930419922 0.073442623019218444824 0.08140729367733001709 0.091459698975086212158 0.10338646918535232544 0.11691266298294067383 0.1317195892333984375 0.14746356010437011719 0.1637935936450958252 0.18036697804927825928 0.19686135649681091309 0.21298353374004364014 0.23120932281017303467 0.24588654935359954834 0.25948604941368103027 0.27185678482055664062 0.28287965059280395508 0.29246315360069274902
0.12609541416168212891 0.13043780624866485596 0.13404820859432220459 0.13680112361907958984 0.13859106600284576416 0.13933686912059783936 0.13898611068725585938 0.13751927018165588379 0.13495366275310516357 0.13134707510471343994 0.1268005669116973877 0.12146022170782089233 0.11551740765571594238 0.10920692235231399536 0.1028026193380355835 0.096610076725482940674 0.090956047177314758301 0.086174935102462768555 0.082592651247978210449 0.080509006977081298828 0.080179892480373382568 0.08180106431245803833 0.085495129227638244629 0.09130331873893737793 0.099182955920696258545 0.10901092737913131714 0.12059266120195388794 0.13367542624473571777 0.14796438813209533691 0.16313970088958740234 0.17887292802333831787 0.19484151899814605713 0.21074052155017852783 0.22629114985466003418 0.24124604463577270508 0.25824329257011413574 0.27138447761535644531 0.28335547447204589844 0.29404151439666748047 0.30335444211959838867
0.12481474131345748901 0.1299985349178314209 0.13447563350200653076 0.13811975717544555664 0.14082606136798858643 0.1425151824951171875 0.14313702285289764404 0.14267428219318389893 0.14114581048488616943 0.13860940933227539062 0.135163918137550354 0.13095037639141082764 0.12615153193473815918 0.1209897845983505249 0.11572260409593582153 0.11063551157712936401 0.10603227466344833374 0.10222246497869491577 0.099506974220275878906 0.098162166774272918701 0.098424032330513000488 0.10047373175621032715 0.10442593693733215332 0.11032139509916305542 0.11812441796064376831 0.12772569060325622559 0.13894993066787719727 0.15156754851341247559 0.16530887782573699951 0.17987947165966033936 0.19497510790824890137 0.21029524505138397217 0.22555404901504516602 0.2404886782169342041 0.25486472249031066895 0.27141359448432922363 0.28405931591987609863 0.29559823870658874512 0.30592036247253417969 0.31494140625
0.12344905734062194824 0.12950532138347625732 0.13487969338893890381 0.13944573700428009033 0.14309999346733093262 0.14576546847820281982 0.1473948359489440918 0.1479733884334564209 0.14752161502838134766 0.14609727263450622559 0.14379677176475524902 0.14075560867786407471 0.13714750111103057861 0.13318176567554473877 0.1290988922119140625 0.12516377866268157959 0.12165664136409759521 0.11886177211999893188 0.11705458164215087891 0.11648757755756378174 0.11737639456987380981 0.11988706141710281372 0.12412576377391815186 0.13013212382793426514 0.13787688314914703369 0.14726398885250091553 0.15813717246055603027 0.1702899634838104248 0.18347804248332977295 0.19743299484252929688 0.21187561750411987305 0.22652833163738250732 0.24112552404403686523 0.25542142987251281738 0.26919567584991455078 0.28527852892875671387 0.29740688204765319824 0.30849421024322509766 0.31843581795692443848 0.32715174555778503418
0.12204092741012573242 0.12899006903171539307 0.13528093695640563965 0.14078754186630249023 0.14540837705135345459 0.14906924962997436523 0.15172597765922546387 0.15336658060550689697 0.15401315689086914062 0.15372326970100402832 0.15259066224098205566 0.15074498951435089111 0.14835055172443389893 0.14560340344905853271 0.14272694289684295654 0.13996542990207672119 0.13757573068141937256 0.1358171999454498291 0.13494014739990234375 0.13517360389232635498 0.13671304285526275635 0.13970942795276641846 0.14426013827323913574 0.15040318667888641357 0.15811489522457122803 0.16731160879135131836 0.17785513401031494141 0.18956127762794494629 0.20221056044101715088 0.21556018292903900146 0.22935603559017181396 0.24334378540515899658 0.2572784721851348877 0.27093210816383361816 0.28409901261329650879 0.29659900069236755371 0.31131514906883239746 0.32194277644157409668 0.3314965367317199707 0.33990108966827392578
0.1206538081169128418 0.12850402295589447021 0.13571806252002716064 0.14217098057270050049 0.14776360988616943359 0.15242493152618408203 0.15611402690410614014 0.15882165729999542236 0.16057141125202178955 0.16142044961452484131 0.16145952045917510986 0.16081222891807556152 0.15963335335254669189 0.15810570120811462402 0.15643581748008728027 0.15484789013862609863 0.15357618033885955811 0.15285603702068328857 0.15291365981101989746 0.15395551919937133789 0.15615774691104888916 0.15965662896633148193 0.16454076766967773438 0.17084608972072601318 0.17855365574359893799 0.18759104609489440918 0.19783680140972137451 0.20912761986255645752 0.22126765549182891846 0.23403878509998321533 0.24721124768257141113 0.26055362820625305176 0.27384161949157714844 0.28686517477035522461 0.29943364858627319336 0.31137925386428833008 0.32566574215888977051 0.33583500981330871582 0.34500107169151306152 0.35309362411499023438
0.11937154829502105713 0.12811729311943054199 0.13624759018421173096 0.14363896846771240234 0.15019497275352478027 0.15584790706634521484 0.16056014597415924072 0.16432501375675201416 0.16716736555099487305 0.16914361715316772461 0.17034128308296203613 0.1708777695894241333 0.17089828848838806152 0.17057269811630249023 0.17009122669696807861 0.16965883970260620117 0.16948834061622619629 0.16979236900806427002 0.17077447474002838135 0.17261992394924163818 0.17548659443855285645 0.1794967949390411377 0.18473061919212341309 0.19122156500816345215 0.1989545971155166626 0.20786722004413604736 0.21785311400890350342 0.22876822948455810547 0.24043864011764526367 0.25266945362091064453 0.26525408029556274414 0.27798321843147277832 0.29065266251564025879 0.3030700981616973877 0.31505995988845825195 0.32646703720092773438 0.34033572673797607422 0.35005500912666320801 0.35883888602256774902 0.36662250757217407227
0.1182962954044342041 0.1279169619083404541 0.13694208860397338867 0.14525006711483001709 0.15274736285209655762 0.15936957299709320068 0.16508220136165618896 0.1698808819055557251 0.17379133403301239014 0.17686891555786132812 0.17919760942459106445 0.18088844418525695801 0.18207721412181854248 0.18292120099067687988 0.18359507620334625244 0.18428562581539154053 0.18518556654453277588 0.18648639321327209473 0.18837065994739532471 0.19100400805473327637 0.19452737271785736084 0.19905002415180206299 0.20464393496513366699 0.2113399207592010498 0.21912612020969390869 0.22794863581657409668 0.23771463334560394287 0.24829742312431335449 0.2595430910587310791 0.27127823233604431152 0.28331795334815979004 0.2954737246036529541 0.30756068229675292969 0.31940361857414245605 0.33084183931350708008 0.34173256158828735352 0.35195294022560119629 0.36448109149932861328 0.37289133667945861816 0.38037073612213134766
0.11754454672336578369 0.12800359725952148438 0.13788716495037078857 0.14707577228546142578 0.1554787755012512207 0.16303499042987823486 0.16971267759799957275 0.17550933361053466797 0.18045112490653991699 0.18459187448024749756 0.18801173567771911621 0.1908152848482131958 0.19312900304794311523 0.19509811699390411377 0.19688253104686737061 0.19865201413631439209 0.20058067142963409424 0.20284050703048706055 0.20559485256671905518 0.2089913785457611084 0.21315547823905944824 0.21818442642688751221 0.22414250671863555908 0.23105785250663757324 0.23892098665237426758 0.24768540263175964355 0.25727012753486633301 0.26756390929222106934 0.27843087911605834961 0.28971710801124572754 0.30125766992568969727 0.31288343667984008789 0.32442763447761535645 0.33573138713836669922 0.34664827585220336914 0.35704773664474487305 0.36681708693504333496 0.37898713350296020508 0.38703271746635437012 0.39421197772026062012
0.11724160611629486084 0.12848635017871856689 0.13917709887027740479 0.14919655025005340576 0.15845687687397003174 0.1668996959924697876 0.17449559271335601807 0.18124334514141082764 0.18716898560523986816 0.19232435524463653564 0.19678539037704467773 0.20065011084079742432 0.20403589308261871338 0.20707632601261138916 0.20991744101047515869 0.2127132117748260498 0.21562051773071289062 0.21879360079765319824 0.22237825393676757812 0.22650581598281860352 0.23128761351108551025 0.23680993914604187012 0.24312995374202728271 0.25027304887771606445 0.25823155045509338379 0.2669652402400970459 0.27640336751937866211 0.28644829988479614258 0.29698023200035095215 0.30786278843879699707 0.31894907355308532715 0.33008775115013122559 0.34112882614135742188 0.3519287109375 0.36235454678535461426 0.37228739261627197266 0.38162451982498168945 0.39028069376945495605 0.40113171935081481934 0.40801200270652770996
0.11751482635736465454 0.12947711348533630371 0.14090965688228607178 0.15169732272624969482 0.16175475716590881348 0.17102584242820739746 0.17948283255100250244 0.1871251910924911499 0.19397810101509094238 0.20009085536003112793 0.20553486049175262451 0.21040140092372894287 0.21479888260364532471 0.2188498079776763916 0.22268712520599365234 0.22645010054111480713 0.23027984797954559326 0.23431442677974700928 0.2386836707592010498 0.2435042262077331543 0.24887467920780181885 0.2548713386058807373 0.26154485344886779785 0.26891782879829406738 0.27698394656181335449 0.28570818901062011719 0.2950286865234375 0.30485963821411132812 0.31509533524513244629 0.32561501860618591309 0.33628794550895690918 0.34697890281677246094 0.35755321383476257324 0.36788138747215270996 0.3778432011604309082 0.38733071088790893555 0.39625072479248046875 0.40452608466148376465 0.41505318880081176758 0.42163035273551940918
