Example_Dataset/contamination rasters/idw2.asc
ncols        354
nrows        251
xllcorner    35034896.598640002310
yllcorner    54060096.598640002310
cellsize     6.802719999999
NODATA_value -3.4028234663852885981e+38
[rows 108 to 125 of 251, columns 160 to 199 of 354]
6.3254990577697753906 6.2506399154663085938 6.1786212921142578125 6.1101660728454589844 6.0459299087524414062 5.9864568710327148438 5.9321346282958984375 5.8831562995910644531 5.8394913673400878906 5.8008723258972167969 5.570964813232421875 5.5430893898010253906 5.5176749229431152344 5.2922048568725585938 5.2723026275634765625 5.2527260780334472656 5.2331252098083496094 5.2132773399353027344 5.1931047439575195312 5.1726775169372558594 5.1522059440612792969 5.1320176124572753906 5.1125226020812988281 5.0941638946533203125 5.077365875244140625 5.0624761581420898438 4.97945404052734375 4.9751687049865722656 4.9715352058410644531 4.9679083824157714844 4.9635982513427734375 4.9579315185546875 4.9503054618835449219 4.9123597145080566406 4.8954339027404785156 4.8745050430297851562 4.8495478630065917969 4.8206691741943359375 4.788074493408203125 4.7520346641540527344
6.4119424819946289062 6.3377580642700195312 6.2661566734313964844 6.1977548599243164062 6.1331019401550292969 6.0726418495178222656 6.0166726112365722656 5.9653182029724121094 5.9185047149658203125 5.8759493827819824219 5.6256351470947265625 5.5941023826599121094 5.5642361640930175781 5.3220310211181640625 5.2982182502746582031 5.2747774124145507812 5.2514157295227050781 5.2279615402221679688 5.2043814659118652344 5.1807847023010253906 5.1574177742004394531 5.1346430778503417969 5.1129040718078613281 5.0926785469055175781 5.0744218826293945312 5.058506011962890625 5.045166015625 4.9819955825805664062 4.9795141220092773438 4.9771323204040527344 4.9740748405456542969 4.9695892333984375 4.9630074501037597656 4.9315252304077148438 4.9151377677917480469 4.89446258544921875 4.8695034980773925781 4.8404059410095214844 4.8074216842651367188 4.7708687782287597656
6.4976043701171875 6.4238934516906738281 6.352458953857421875 6.2838277816772460938 6.2184600830078125 6.1567158699035644531 6.09882354736328125 6.04485321044921875 5.994701385498046875 5.7160677909851074219 5.6776576042175292969 5.6415734291076660156 5.6072130203247070312 5.3494563102722167969 5.3226876258850097656 5.2963018417358398438 5.2691802978515625 5.2421236038208007812 5.21514129638671875 5.1883802413940429688 5.162120819091796875 5.1367583274841308594 5.1127691268920898438 5.090663909912109375 5.0709290504455566406 5.0539617538452148438 5.0400094985961914062 4.9874849319458007812 4.9860396385192871094 4.984798431396484375 4.9829030036926269531 4.9795203208923339844 4.9739146232604980469 4.9655003547668457031 4.9324545860290527344 4.9119968414306640625 4.8870153427124023438 4.8576974868774414062 4.8243393898010253906 4.7873058319091796875
6.5822310447692871094 6.5088071823120117188 6.4373140335083007812 6.3682031631469726562 6.3018627166748046875 6.2385869026184082031 6.1785492897033691406 6.1217832565307617188 6.0681667327880859375 5.7702198028564453125 5.7276835441589355469 5.6871013641357421875 5.6479344367980957031 5.375461578369140625 5.3448781967163085938 5.3147821426391601562 5.2849745750427246094 5.2553610801696777344 5.2257242202758789062 5.1958560943603515625 5.1667585372924804688 5.1388564109802246094 5.1126542091369628906 5.0886921882629394531 5.0674843788146972656 5.0494518280029296875 5.0348544120788574219 5.0237402915954589844 4.9910712242126464844 4.9908127784729003906 4.9899373054504394531 4.9875349998474121094 4.9828038215637207031 4.9751110076904296875 4.9469099044799804688 4.92664337158203125 4.901641845703125 4.8721299171447753906 4.8384752273559570312 4.80107879638671875
6.6657056808471679688 6.5924015045166015625 6.5206508636474609375 6.4508461952209472656 6.3833193778991699219 6.3183135986328125 6.2559647560119628906 6.1962819099426269531 6.1391377449035644531 5.822574615478515625 5.7759623527526855469 5.7309842109680175781 5.687164306640625 5.4010057449340820312 5.3667063713073730469 5.3329792022705078125 5.2996754646301269531 5.2667450904846191406 5.2342524528503417969 5.2023825645446777344 5.1714434623718261719 5.1415004730224609375 5.1131677627563476562 5.08740997314453125 5.0647616386413574219 5.0456628799438476562 5.0303850173950195312 5.0189752578735351562 5.0112185478210449219 4.995151519775390625 4.9950971603393554688 4.9935016632080078125 4.9895014762878417969 4.9824190139770507812 4.9717960357666015625 4.9379916191101074219 4.9130029678344726562 4.8833799362182617188 4.8495068550109863281 4.8118333816528320312
6.7480330467224121094 6.6746988296508789062 6.6025176048278808594 6.5318388938903808594 6.46295166015625 6.3960657119750976562 6.3312902450561523438 6.2686243057250976562 6.2079448699951171875 5.873409271240234375 5.8228116035461425781 5.77358245849609375 5.7253084182739257812 5.4263458251953125 5.3884592056274414062 5.3512506484985351562 5.3146185874938964844 5.2785544395446777344 5.2431573867797851562 5.2086405754089355469 5.1753325462341308594 5.1436648368835449219 5.1141486167907714844 5.0873332023620605469 5.0634517669677734375 5.0433025360107421875 5.0273103713989257812 5.0155177116394042969 5.0076956748962402344 4.9978318214416503906 4.9983782768249511719 4.9973626136779785156 4.9939055442810058594 4.9872889518737792969 4.9770288467407226562 4.9457187652587890625 4.9207754135131835938 4.8911075592041015625 4.8571310043334960938 4.8193230628967285156
6.8293213844299316406 6.7558169364929199219 6.6830539703369140625 6.6113491058349609375 6.5409636497497558594 6.4720859527587890625 6.4048132896423339844 6.3391447067260742188 5.9789705276489257812 5.9230394363403320312 5.8685803413391113281 5.8152780532836914062 5.7627835273742675781 5.4517531394958496094 5.4104323387145996094 5.3699159622192382812 5.3301486968994140625 5.2911601066589355469 5.2530794143676757812 5.2161421775817871094 5.1806912422180175781 5.1471652984619140625 5.1160764694213867188 5.0879688262939453125 5.0633673667907714844 5.0427103042602539062 5.0262804031372070312 5.014019012451171875 4.9976706504821777344 4.9990401268005371094 4.9998579025268554688 4.9991464614868164062 4.9959869384765625 4.9896197319030761719 4.9795269966125488281 4.949615478515625 4.9247612953186035156 4.8951458930969238281 4.8612041473388671875 4.8234310150146484375
6.9096808433532714844 6.8359513282775878906 6.7624673843383789062 6.6896052360534667969 6.6176104545593261719 6.546661376953125 6.4768557548522949219 6.4082002639770507812 6.031219482421875 5.9717884063720703125 5.9136152267456054688 5.8564419746398925781 5.7999815940856933594 5.4774909019470214844 5.4329018592834472656 5.3892679214477539062 5.3465743064880371094 5.3048853874206542969 5.2643561363220214844 5.2252397537231445312 5.1878862380981445312 5.1527318954467773438 5.1202788352966308594 5.0910544395446777344 5.0655622482299804688 5.0442171096801757812 5.0272769927978515625 5.0147795677185058594 5.0065016746520996094 4.9989237785339355469 4.9996867179870605469 4.9989500045776367188 4.9958262443542480469 4.9894914627075195312 4.9794282913208007812 4.9496440887451171875 4.9249258041381835938 4.8954687118530273438 4.8617143630981445312 4.8241620063781738281
6.988903045654296875 6.9153494834899902344 6.8410120010375976562 6.7668733596801757812 6.6931753158569335938 6.6200971603393554688 6.5477452278137207031 6.4761462211608886719 6.0827870368957519531 6.0199637413024902344 5.9582362174987792969 5.8974046707153320312 5.8372445106506347656 5.5037903785705566406 5.4561047554016113281 5.4095468521118164062 5.3641400337219238281 5.3199787139892578125 5.2772393226623535156 5.2361855506896972656 5.1971678733825683594 5.1606111526489257812 5.1269960403442382812 5.0968217849731445312 5.070556640625 5.0485792160034179688 5.0311112403869628906 5.0181608200073242188 5.0094771385192871094 5.0045461654663085938 4.9979429244995117188 4.9968738555908203125 4.9934949874877929688 4.9870328903198242188 4.9768290519714355469 4.9459424018859863281 4.9214010238647460938 4.8922071456909179688 4.8587946891784667969 4.8216538429260253906
7.0677294731140136719 6.9940824508666992188 6.9189677238464355469 6.8434367179870605469 6.7679491043090820312 6.6926951408386230469 6.6177978515625 6.5433106422424316406 6.1339440345764160156 6.0678377151489257812 6.0027165412902832031 5.9384388923645019531 5.8748426437377929688 5.5308346748352050781 5.4802198410034179688 5.430927276611328125 5.3830132484436035156 5.3365979194641113281 5.2918744087219238281 5.2491106986999511719 5.2086491584777832031 5.1708965301513671875 5.1363010406494140625 5.1053204536437988281 5.0783772468566894531 5.0558004379272460938 5.0377674102783203125 5.0242476463317871094 5.014965057373046875 5.0093903541564941406 5.0067682266235351562 5.0061841011047363281 4.9890952110290527344 4.9821686744689941406 4.957977294921875 4.9324703216552734375 4.9062085151672363281 4.8752856254577636719 4.8401837348937988281 4.8014321327209472656
7.1464734077453613281 7.0721430778503417969 6.9966235160827636719 6.91957855224609375 6.8422136306762695312 6.7647371292114257812 6.6872987747192382812 6.2551889419555664062 6.1849231719970703125 6.1156353950500488281 6.047271728515625 5.9797482490539550781 5.9129633903503417969 5.5587496757507324219 5.505359649658203125 5.4535040855407714844 5.4032702445983886719 5.3547983169555664062 5.3082914352416992188 5.2640166282653808594 5.2223010063171386719 5.1835236549377441406 5.1480922698974609375 5.1164140701293945312 5.0888538360595703125 5.06568145751953125 5.0470218658447265625 5.0328016281127929688 5.0227184295654296875 5.0162343978881835938 5.0126028060913085938 5.0109295845031738281 4.9825916290283203125 4.9748744964599609375 4.96387481689453125 4.9203324317932128906 4.8941969871520996094 4.8636269569396972656 4.8290739059448242188 4.7910294532775878906
7.2254548072814941406 7.1502499580383300781 7.0738692283630371094 6.9955668449401855469 6.9162263870239257812 6.8364744186401367188 6.7564902305603027344 6.3092069625854492188 6.2359108924865722656 6.1635251045227050781 6.0920500755310058594 6.0214581489562988281 5.9517064094543457031 5.5875959396362304688 5.5315613746643066406 5.4772915840148925781 5.424896240234375 5.3745326995849609375 5.3264074325561523438 5.2807793617248535156 5.2379550933837890625 5.1982789039611816406 5.162109375 5.1297960281372070312 5.1016378402709960938 5.0778398513793945312 5.0584673881530761719 5.0434026718139648438 5.032318115234375 5.0246729850769042969 5.0197391510009765625 5.0166578292846679688 5.0145144462585449219 5.00612640380859375 4.9538068771362304688 4.90526580810546875 4.8793315887451171875 4.8492488861083984375 4.8154211044311523438 4.778289794921875
7.3049864768981933594 7.2286839485168457031 7.1508831977844238281 7.071643829345703125 6.9902119636535644531 6.9081144332885742188 6.8255648612976074219 6.3633551597595214844 6.2870402336120605469 6.2116150856018066406 6.1371321678161621094 6.063617706298828125 5.9913878440856933594 5.6173682212829589844 5.5587911605834960938 5.5022215843200683594 5.447788238525390625 5.3956570625305175781 5.3460335731506347656 5.2991623878479003906 5.2553238868713378906 5.2148199081420898438 5.1779570579528808594 5.1450200080871582031 5.1162385940551757812 5.0917491912841796875 5.0715556144714355469 5.0554952621459960938 5.0432171821594238281 5.0341839790344238281 5.0276947021484375 5.022937774658203125 5.0122961997985839844 5.00684356689453125 5.0001788139343261719 4.96300506591796875 4.862323760986328125 4.8328499794006347656 4.7999053001403808594 4.7638654708862304688
7.3853559494018554688 7.307697296142578125 7.228252410888671875 7.1473832130432128906 7.0643491744995117188 6.9798140525817871094 6.4978709220886230469 6.4177403450012207031 6.3383884429931640625 6.2599501609802246094 6.1825284957885742188 6.1075663566589355469 6.0337128639221191406 5.6479964256286621094 5.5869455337524414062 5.5281538963317871094 5.4717640876770019531 5.4179449081420898438 5.3668942451477050781 5.3188381195068359375 5.2740240097045898438 5.2327084541320800781 5.1951413154602050781 5.1615419387817382812 5.132068634033203125 5.1067895889282226562 5.0856485366821289062 5.068439483642578125 5.0547938346862792969 5.0441803932189941406 5.0359334945678710938 5.0292959213256835938 5.0145406723022460938 5.0070505142211914062 4.9984765052795410156 4.9558377265930175781 4.9390802383422851562 4.8152322769165039062 4.7833051681518554688 4.7485041618347167969
7.4668135643005371094 7.3875017166137695312 7.3061542510986328125 7.22316741943359375 7.1055817604064941406 7.0168390274047851562 6.9274764060974121094 6.83776092529296875 6.3899736404418945312 6.3095641136169433594 6.2308096885681152344 6.1531286239624023438 6.0766282081604003906 6.0014138221740722656 5.6158585548400878906 5.5548839569091796875 5.4965763092041015625 5.4411020278930664062 5.3886461257934570312 5.3394103050231933594 5.2936053276062011719 5.2514414787292480469 5.2131094932556152344 5.1787633895874023438 5.1484928131103515625 5.1222996711730957031 5.1000733375549316406 5.0815701484680175781 5.0664057731628417969 5.0540628433227539062 5.0439143180847167969 5.0254802703857421875 5.0161604881286621094 5.0065598487854003906 4.99603271484375 4.9481167793273925781 4.9303598403930664062 4.9100956916809082031 4.8872599601745605469 4.7079768180847167969
7.5495543479919433594 7.4380931854248046875 7.3508763313293457031 7.2618165016174316406 7.17134857177734375 7.0798687934875488281 6.9877295494079589844 6.8952398300170898438 6.8026647567749023438 6.710231781005859375 6.279537200927734375 6.1990270614624023438 6.1199250221252441406 6.0423707962036132812 5.6453142166137695312 5.5821557044982910156 5.5219273567199707031 5.464786529541015625 5.4109005928039550781 5.3604426383972167969 5.3135852813720703125 5.2704892158508300781 5.2312884330749511719 5.1960744857788085938 5.1648731231689453125 5.13762664794921875 5.1141748428344726562 5.0942440032958984375 5.0774412155151367188 5.0632662773132324219 5.0511345863342285156 5.0284423828125 5.0169262886047363281 5.0052366256713867188 4.9928026199340820312 4.94010162353515625 4.9214348793029785156 4.9006056785583496094 4.8775205612182617188 4.6895899772644042969
7.6000170707702636719 7.5125393867492675781 7.4225926399230957031 7.3306889533996582031 7.2373061180114746094 7.1428813934326171875 7.0478091239929199219 6.9524374008178710938 6.8570713996887207031 6.7619786262512207031 6.66739654541015625 6.2450437545776367188 6.163341522216796875 6.083461761474609375 5.6750535964965820312 5.6096758842468261719 5.5474867820739746094 5.4886293411254882812 5.4332485198974609375 5.3814854621887207031 5.3334736824035644531 5.2893252372741699219 5.2491202354431152344 5.2128920555114746094 5.1806097030639648438 5.1521639823913574219 5.1273546218872070312 5.1058840751647949219 5.0873579978942871094 5.0712985992431640625 5.0444698333740234375 5.0303044319152832031 5.0166754722595214844 5.0030074119567871094 4.9888019561767578125 4.9320683479309082031 4.9126448631286621094 4.8914022445678710938 4.8682107925415039062 4.6728749275207519531
7.6786503791809082031 7.5881633758544921875 7.49509429931640625 7.4000039100646972656 7.3034152984619140625 7.2058086395263671875 7.1076159477233886719 7.0092220306396484375 6.9109683036804199219 6.8131556510925292969 6.7160539627075195312 6.6199107170104980469 6.5249605178833007812 6.0975713729858398438 6.014598846435546875 5.9343013763427734375 5.5729074478149414062 5.5122513771057128906 5.4552783966064453125 5.4020972251892089844 5.3528003692626953125 5.3074545860290527344 5.26609039306640625 5.2286891937255859375 5.195171356201171875 5.1653852462768554688 5.1391005516052246094 5.1160054206848144531 5.0957102775573730469 5.0644793510437011719 5.0471019744873046875 5.0308966636657714844 5.0153188705444335938 4.9998679161071777344 4.9208216667175292969 4.9010362625122070312 4.8798055648803710938 4.8569350242614746094 4.8322653770446777344 4.6587853431701660156
