Example_Dataset/contamination rasters/kriging2.asc
ncols        354
nrows        251
xllcorner    35034896.598640002310
yllcorner    54060096.598640002310
cellsize     6.802719999999
NODATA_value -3.4028234663852885981e+38
[rows 140 to 159 of 251, columns 180 to 224 of 354]
4.7083334922790527344 4.7083334922790527344 4.7083334922790527344 4.7083334922790527344 4.7083334922790527344 4.7083334922790527344 4.7083334922790527344 4.7083334922790527344 4.7083334922790527344 4.7083334922790527344 4.7083334922790527344 4.5833334922790527344 4.5833334922790527344 4.5833334922790527344 4.5833334922790527344 4.5833334922790527344 4.5833363533020019531 4.0835776329040527344 4.0844974517822265625 4.0840845108032226562 4.0833988189697265625 4.0833339691162109375 4.0833334922790527344 4.0833334922790527344 4.0833334922790527344 4.0833334922790527344 4.0833334922790527344 4.0833334922790527344 4.0833334922790527344 4.0833334922790527344 4.0833334922790527344 3.4166667461395263672 3.4166667461395263672 3.4166667461395263672 3.4166667461395263672 2.625 2.625 2.625 2.625 2.625 2.625 2.625 2.625 2.625 2.625
4.7083334922790527344 4.7083334922790527344 4.7083334922790527344 4.7083334922790527344 4.7083334922790527344 4.7083334922790527344 4.7083334922790527344 4.7083334922790527344 4.7083334922790527344 4.7083334922790527344 4.7083334922790527344 4.5833334922790527344 4.5833334922790527344 4.5833334922790527344 4.5833334922790527344 4.5833334922790527344 4.0833859443664550781 4.0851883888244628906 4.0921797752380371094 4.0890417098999023438 4.083831787109375 4.0833392143249511719 4.0833334922790527344 4.0833334922790527344 4.0833334922790527344 4.0833334922790527344 4.0833334922790527344 4.0833334922790527344 4.0833334922790527344 4.0833334922790527344 4.0833334922790527344 4.0833334922790527344 3.4166667461395263672 3.2916667461395263672 3.2916667461395263672 2.625 2.625 2.625 2.625 2.625 2.625 2.625 2.625 2.625 2.625
4.7083334922790527344 4.7083334922790527344 4.7083334922790527344 4.7083334922790527344 4.7083334922790527344 4.7083334922790527344 4.7083334922790527344 4.7083334922790527344 4.7083334922790527344 4.7083334922790527344 4.7083334922790527344 4.7083334922790527344 4.0833334922790527344 4.0833334922790527344 4.0833334922790527344 4.0833334922790527344 4.0833873748779296875 4.0852413177490234375 4.0924305915832519531 4.0892038345336914062 4.0838460922241210938 4.0833392143249511719 4.0833334922790527344 4.0833334922790527344 4.0833334922790527344 4.0833334922790527344 4.0833334922790527344 4.0833334922790527344 4.0833334922790527344 4.0833334922790527344 4.0833334922790527344 4.0833334922790527344 3.2916667461395263672 3.2916667461395263672 3.2916667461395263672 3.2916667461395263672 2.625 2.625 2.625 2.625 2.625 2.625 2.625 2.625 2.2083332538604736328
4.7083334922790527344 4.7083334922790527344 4.7083334922790527344 4.7083334922790527344 4.7083334922790527344 4.7083334922790527344 4.7083334922790527344 4.7083334922790527344 4.7083334922790527344 4.7083334922790527344 4.7083334922790527344 4.0833334922790527344 4.0833334922790527344 4.0833334922790527344 4.0833334922790527344 4.0833334922790527344 4.0833406448364257812 4.083599090576171875 4.0845994949340820312 4.0841503143310546875 4.083404541015625 4.0833339691162109375 4.0833334922790527344 4.0833334922790527344 4.0833334922790527344 4.0833334922790527344 4.0833334922790527344 4.0833334922790527344 4.0833334922790527344 4.0833334922790527344 4.0833334922790527344 4.0833334922790527344 4.0833334922790527344 3.2916667461395263672 3.2916667461395263672 3.2916667461395263672 3.0416667461395263672 3.0416667461395263672 2.625 2.625 2.625 2.625 2.625 2.2083332538604736328 2.2083332538604736328
4.7083334922790527344 4.7083334922790527344 4.7083334922790527344 4.7083334922790527344 4.7083334922790527344 4.7083334922790527344 4.7083334922790527344 4.7083334922790527344 4.7083334922790527344 4.7083334922790527344 4.7083334922790527344 4.0833334922790527344 4.0833334922790527344 4.0833334922790527344 4.0833334922790527344 4.0833334922790527344 4.0833334922790527344 4.0833382606506347656 4.0833573341369628906 4.0833487510681152344 4.0833344459533691406 4.0833334922790527344 4.0833334922790527344 4.0833334922790527344 4.0833334922790527344 4.0833334922790527344 4.0833334922790527344 4.0833334922790527344 4.0833334922790527344 4.0833334922790527344 4.0833334922790527344 4.0833334922790527344 4.0833334922790527344 3.2916667461395263672 3.2916667461395263672 3.2916667461395263672 3.0416667461395263672 3.0416667461395263672 3.0416667461395263672 3.0416667461395263672 2.625 2.625 2.2083332538604736328 2.2083332538604736328 2.2083332538604736328
4.7083334922790527344 4.7083334922790527344 4.7083334922790527344 4.7083334922790527344 4.7083334922790527344 4.7083334922790527344 4.7083334922790527344 4.7083334922790527344 4.7083334922790527344 4.7083334922790527344 4.0833334922790527344 4.0833334922790527344 4.0833334922790527344 4.0833334922790527344 4.0833334922790527344 4.0833334922790527344 4.0833334922790527344 4.0833334922790527344 4.0833334922790527344 4.0833334922790527344 4.0833334922790527344 4.0833334922790527344 4.0833334922790527344 4.0833334922790527344 4.0833334922790527344 4.0833334922790527344 4.0833334922790527344 4.0833334922790527344 4.0833334922790527344 4.0833334922790527344 4.0833334922790527344 4.0833334922790527344 4.0833334922790527344 3.2916667461395263672 3.2916667461395263672 3.2916667461395263672 3.0416667461395263672 3.0416667461395263672 3.0416667461395263672 3.0416667461395263672 3.0416667461395263672 2.2083332538604736328 2.2083332538604736328 2.2083332538604736328 2.2083332538604736328
4.7083334922790527344 4.7083334922790527344 4.7083334922790527344 4.7083334922790527344 4.7083334922790527344 4.7083334922790527344 4.7083334922790527344 4.7083334922790527344 4.7083334922790527344 4.7083334922790527344 4.0833334922790527344 4.0833334922790527344 4.0833334922790527344 4.0833334922790527344 4.0833334922790527344 4.0833334922790527344 4.0833334922790527344 4.0833334922790527344 4.0833334922790527344 4.0833334922790527344 4.0833334922790527344 4.0833334922790527344 4.0833334922790527344 4.0833334922790527344 4.0833334922790527344 4.0833334922790527344 4.0833334922790527344 4.0833334922790527344 4.0833334922790527344 4.0833334922790527344 4.0833334922790527344 4.0833334922790527344 4.0833334922790527344 3.2916667461395263672 3.2916667461395263672 3.2916667461395263672 3.2916667461395263672 3.0416667461395263672 3.0416667461395263672 3.0416667461395263672 3.0416667461395263672 2.2083332538604736328 2.2083332538604736328 2.2083332538604736328 2.2083332538604736328
4.7083334922790527344 4.7083334922790527344 4.7083334922790527344 4.7083334922790527344 4.7083334922790527344 4.7083334922790527344 4.7083334922790527344 4.7083334922790527344 4.7083334922790527344 4.0833334922790527344 4.0833334922790527344 4.0833334922790527344 4.0833334922790527344 4.0833334922790527344 4.0833334922790527344 4.0833334922790527344 4.0833334922790527344 4.0833334922790527344 4.0833334922790527344 4.0833334922790527344 4.0833334922790527344 4.0833334922790527344 4.0833334922790527344 4.0833334922790527344 4.0833334922790527344 4.0833334922790527344 4.0833334922790527344 4.0833334922790527344 4.0833334922790527344 4.0833334922790527344 4.0833334922790527344 4.0833334922790527344 4.0833334922790527344 3.7083332538604736328 3.7083332538604736328 3.7083332538604736328 3.2916667461395263672 3.0416667461395263672 3.0416667461395263672 3.0416667461395263672 3.0416667461395263672 2.2083332538604736328 2.2083332538604736328 2.2083332538604736328 2.2083332538604736328
4.7083334922790527344 4.7083334922790527344 4.7083334922790527344 4.7083334922790527344 4.7083334922790527344 4.7083334922790527344 4.7083334922790527344 4.7083334922790527344 4.7083334922790527344 4.0833334922790527344 4.0833334922790527344 4.0833334922790527344 4.0833334922790527344 4.0833334922790527344 4.0833334922790527344 4.0833334922790527344 4.0833334922790527344 4.0833334922790527344 4.0833334922790527344 4.0833334922790527344 4.0833334922790527344 4.0833334922790527344 4.0833334922790527344 4.0833334922790527344 4.0833334922790527344 4.0833334922790527344 4.0833334922790527344 4.0833334922790527344 4.0833334922790527344 4.0833334922790527344 4.0833334922790527344 4.0833334922790527344 3.7083332538604736328 3.7083332538604736328 3.7083332538604736328 3.7083332538604736328 3.7083332538604736328 3.0416667461395263672 3.0416667461395263672 3.0416667461395263672 2.2083332538604736328 2.2083332538604736328 2.2083332538604736328 2.2083332538604736328 2.2083332538604736328
4.7083334922790527344 4.7083334922790527344 4.7083334922790527344 4.7083334922790527344 4.7083334922790527344 4.7083334922790527344 4.7083334922790527344 4.7083334922790527344 4.0833334922790527344 4.0833334922790527344 4.0833334922790527344 4.0833334922790527344 4.0833334922790527344 4.0833334922790527344 4.0833334922790527344 4.0833334922790527344 4.0833334922790527344 4.0833334922790527344 4.0833334922790527344 4.0833334922790527344 4.0833334922790527344 4.0833334922790527344 4.0833334922790527344 4.0833334922790527344 3.8333332538604736328 3.8333332538604736328 4.0833334922790527344 4.0833334922790527344 4.0833334922790527344 4.0833334922790527344 4.0833334922790527344 4.0833334922790527344 3.7083332538604736328 3.7083332538604736328 3.7083332538604736328 3.7083332538604736328 3.7083332538604736328 3.7083332538604736328 3.0416667461395263672 3.0416667461395263672 2.2083332538604736328 2.2083332538604736328 2.2083332538604736328 2.2083332538604736328 2.2083332538604736328
4.7083334922790527344 4.7083334922790527344 4.7083334922790527344 4.7083334922790527344 4.7083334922790527344 4.7083334922790527344 4.7083334922790527344 4.7083334922790527344 4.0833334922790527344 4.0833334922790527344 4.0833334922790527344 4.0833334922790527344 4.0833334922790527344 4.0833334922790527344 4.0833334922790527344 4.0833334922790527344 4.0833334922790527344 4.0833334922790527344 4.0833334922790527344 4.0833334922790527344 4.0833334922790527344 4.0833334922790527344 4.0833334922790527344 4.0833334922790527344 3.8333332538604736328 3.8333332538604736328 3.8333332538604736328 3.8333332538604736328 3.8333332538604736328 3.8333332538604736328 3.8333332538604736328 3.8333332538604736328 3.7083332538604736328 3.7083332538604736328 3.7083332538604736328 3.7083332538604736328 3.7083332538604736328 3.7083332538604736328 2.875 2.875 2.2083332538604736328 2.2083332538604736328 2.2083332538604736328 2.2083332538604736328 2.2083332538604736328
4.7083334922790527344 4.7083334922790527344 4.7083334922790527344 4.7083334922790527344 4.7083334922790527344 4.7083334922790527344 4.7083334922790527344 4.0833334922790527344 4.0833334922790527344 4.0833334922790527344 4.0833334922790527344 4.0833334922790527344 4.0833334922790527344 4.0833334922790527344 4.0833334922790527344 4.0833334922790527344 4.0833334922790527344 4.0833334922790527344 4.0833334922790527344 4.0833334922790527344 4.0833334922790527344 4.0833334922790527344 4.0833334922790527344 4.0833334922790527344 3.8333332538604736328 3.8333332538604736328 3.8333332538604736328 3.8333332538604736328 3.8333332538604736328 3.8333332538604736328 3.8333332538604736328 3.8333332538604736328 3.7083332538604736328 3.7083332538604736328 3.7083332538604736328 3.7083332538604736328 3.7083332538604736328 3.7083332538604736328 2.875 2.875 2.875 2.2083332538604736328 2.2083332538604736328 2.2083332538604736328 2.2083332538604736328
4.7083334922790527344 4.7083334922790527344 4.7083334922790527344 4.7083334922790527344 4.7083334922790527344 4.7083334922790527344 4.7083334922790527344 4.0833334922790527344 4.0833334922790527344 4.0833334922790527344 4.0833334922790527344 4.0833334922790527344 4.0833334922790527344 4.0833334922790527344 4.0833334922790527344 4.0833334922790527344 4.0833334922790527344 4.0833334922790527344 4.0833334922790527344 4.0833334922790527344 4.0833334922790527344 4.0833334922790527344 4.0833334922790527344 4.0833334922790527344 3.8333332538604736328 3.8333332538604736328 3.8333332538604736328 3.8333332538604736328 3.8333332538604736328 3.8333332538604736328 3.8333332538604736328 3.8333332538604736328 3.8333332538604736328 3.7083332538604736328 3.7083332538604736328 3.7083332538604736328 3.7083332538604736328 3.7083332538604736328 2.875 2.875 2.875 2.2083332538604736328 2.2083332538604736328 2.2083332538604736328 2.2083332538604736328
5.5416665077209472656 4.7083334922790527344 4.7083334922790527344 4.7083334922790527344 4.7083334922790527344 4.7083334922790527344 4.0833334922790527344 4.0833334922790527344 4.0833334922790527344 4.0833334922790527344 4.0833334922790527344 4.0833334922790527344 4.0833334922790527344 4.0833334922790527344 4.0833334922790527344 4.0833334922790527344 4.0833334922790527344 4.0833334922790527344 4.0833334922790527344 4.0833334922790527344 4.0833334922790527344 4.0833334922790527344 4.0833334922790527344 4.0833334922790527344 3.8333332538604736328 3.8333332538604736328 3.8333332538604736328 3.8333332538604736328 3.8333332538604736328 3.8333332538604736328 3.8333332538604736328 3.8333332538604736328 3.8333332538604736328 3.7083332538604736328 3.7083332538604736328 3.7083332538604736328 3.7083332538604736328 2.875 2.875 2.875 2.875 2.875 2.2083332538604736328 2.2083332538604736328 2.2083332538604736328
5.2916665077209472656 5.2916665077209472656 4.4583334922790527344 4.4583334922790527344 4.4583334922790527344 4.4583334922790527344 4.0833334922790527344 4.0833334922790527344 4.0833334922790527344 4.0833334922790527344 4.0833334922790527344 4.0833334922790527344 4.0833334922790527344 4.0833334922790527344 4.0833334922790527344 4.0833334922790527344 4.0833334922790527344 4.0833334922790527344 4.0833334922790527344 4.0833334922790527344 4.0833334922790527344 4.0833334922790527344 4.0833334922790527344 3.8333332538604736328 3.8333332538604736328 3.8333332538604736328 3.8333332538604736328 3.8333332538604736328 3.8333332538604736328 3.8333332538604736328 3.8333332538604736328 3.8333332538604736328 3.8333332538604736328 3.8333332538604736328 3.7083332538604736328 3.7083332538604736328 3.7083332538604736328 2.875 2.875 2.875 2.875 2.875 2.2083332538604736328 2.2083332538604736328 2.2083332538604736328
5.2916665077209472656 5.2916665077209472656 5.2916665077209472656 5.2916665077209472656 4.4583334922790527344 4.4583334922790527344 4.4583334922790527344 4.0833334922790527344 4.0833334922790527344 4.0833334922790527344 4.0833334922790527344 4.0833334922790527344 4.0833334922790527344 4.0833334922790527344 4.0833334922790527344 4.0833334922790527344 4.0833334922790527344 4.0833334922790527344 4.0833334922790527344 4.0833334922790527344 4.0833334922790527344 4.0833334922790527344 4.0833334922790527344 3.8333332538604736328 3.8333332538604736328 3.8333332538604736328 3.8333332538604736328 3.8333332538604736328 3.8333332538604736328 3.8333332538604736328 3.8333332538604736328 3.8333332538604736328 3.8333332538604736328 3.8333332538604736328 3.7083332538604736328 3.7083332538604736328 3.7083332538604736328 2.875 2.875 2.875 2.875 2.875 2.875 2.2083332538604736328 2.2083332538604736328
5.2916665077209472656 5.2916665077209472656 5.2916665077209472656 5.2916665077209472656 5.2916665077209472656 4.4583334922790527344 4.0833334922790527344 4.0833334922790527344 4.0833334922790527344 4.0833334922790527344 4.0833334922790527344 4.0833334922790527344 4.0833334922790527344 4.0833334922790527344 4.0833334922790527344 4.0833334922790527344 4.0833334922790527344 4.0833334922790527344 4.0833334922790527344 4.0833334922790527344 4.0833334922790527344 4.0833334922790527344 4.0833334922790527344 3.8333332538604736328 3.8333332538604736328 3.8333332538604736328 3.8333332538604736328 3.8333332538604736328 3.8333332538604736328 3.8333332538604736328 3.8333332538604736328 3.8333332538604736328 3.8333332538604736328 3.8333332538604736328 3.8333332538604736328 3.7083332538604736328 3.7083332538604736328 2.875 2.875 2.875 2.875 2.2083332538604736328 2.2083332538604736328 2.2083332538604736328 2.2083332538604736328
5.2916665077209472656 5.2916665077209472656 5.2916665077209472656 5.2916665077209472656 5.2916665077209472656 5.2916665077209472656 4.0833334922790527344 4.0833334922790527344 4.0833334922790527344 4.0833334922790527344 4.0833334922790527344 4.0833334922790527344 4.0833334922790527344 4.0833334922790527344 4.0833334922790527344 4.0833334922790527344 4.0833334922790527344 4.0833334922790527344 4.0833334922790527344 4.0833334922790527344 4.0833334922790527344 4.0833334922790527344 4.0833334922790527344 3.8333332538604736328 3.8333332538604736328 3.8333332538604736328 3.8333332538604736328 3.8333332538604736328 3.8333332538604736328 3.8333332538604736328 3.8333332538604736328 3.8333332538604736328 3.8333332538604736328 3.8333332538604736328 3.8333332538604736328 3.0416667461395263672 2.875 2.875 2.2083332538604736328 2.2083332538604736328 2.2083332538604736328 2.2083332538604736328 2.2083332538604736328 2.2083332538604736328 2.2083332538604736328
5.2916665077209472656 5.2916665077209472656 5.2916665077209472656 5.2916665077209472656 5.2916665077209472656 5.2916665077209472656 4.0833334922790527344 4.0833334922790527344 4.0833334922790527344 4.0833334922790527344 4.0833334922790527344 4.0833334922790527344 4.0833334922790527344 4.0833334922790527344 4.0833334922790527344 4.0833334922790527344 4.0833334922790527344 4.0833334922790527344 4.0833334922790527344 4.0833334922790527344 4.0833334922790527344 4.0833334922790527344 3.8333332538604736328 3.8333332538604736328 3.8333332538604736328 3.8333332538604736328 3.8333332538604736328 3.8333332538604736328 3.8333332538604736328 3.8333332538604736328 3.8333332538604736328 3.8333332538604736328 3.8333332538604736328 3.8333332538604736328 3.8333332538604736328 3.0416667461395263672 2.2083332538604736328 2.2083332538604736328 2.2083332538604736328 2.2083332538604736328 2.2083332538604736328 2.2083332538604736328 2.2083332538604736328 2.2083332538604736328 2.2083332538604736328
5.2916665077209472656 5.2916665077209472656 5.2916665077209472656 5.2916665077209472656 5.2916665077209472656 5.2916665077209472656 4.0833334922790527344 4.0833334922790527344 4.0833334922790527344 4.0833334922790527344 4.0833334922790527344 4.0833334922790527344 4.0833334922790527344 4.0833334922790527344 4.0833334922790527344 4.0833334922790527344 4.0833334922790527344 4.0833334922790527344 4.0833334922790527344 4.0833334922790527344 4.0833334922790527344 4.0833334922790527344 3.8333332538604736328 3.8333332538604736328 3.8333332538604736328 3.8333332538604736328 3.8333332538604736328 3.8333332538604736328 3.8333332538604736328 3.8333332538604736328 3.8333332538604736328 3.8333332538604736328 3.8333332538604736328 3.8333332538604736328 3.8333332538604736328 3.0416667461395263672 2.2083332538604736328 2.2083332538604736328 2.2083332538604736328 2.2083332538604736328 2.2083332538604736328 2.2083332538604736328 2.2083332538604736328 2.2083332538604736328 2.2083332538604736328
