Example_Dataset/contamination rasters/kriging1.asc
ncols        354
nrows        251
xllcorner    35034896.598640002310
yllcorner    54060096.598640002310
cellsize     6.802719999999
NODATA_value -3.4028234663852885981e+38
[rows 180 to 199 of 251, columns 45 to 89 of 354]
7.1666665077209472656 7.1666665077209472656 7.1666665077209472656 7.1666665077209472656 7.1666665077209472656 7.3333334922790527344 7.3333334922790527344 7.3333334922790527344 7.3333334922790527344 7.3333334922790527344 7.3333334922790527344 7.3333334922790527344 8.125 8.125 9.4583330154418945312 9.4583330154418945312 9.4583330154418945312 9.4583330154418945312 9.4583330154418945312 9.4583330154418945312 9.4583330154418945312 9.4583330154418945312 9.4583330154418945312 9.4583330154418945312 9.4583330154418945312 9.4583330154418945312 9.4583330154418945312 9.4583330154418945312 9.4583330154418945312 9.4583330154418945312 9.4583330154418945312 9.4583330154418945312 9.4583330154418945312 9.4583330154418945312 9.4583330154418945312 9.5416669845581054688 9.5416669845581054688 9.5416669845581054688 9.5416669845581054688 9.5422372817993164062 10.208539009094238281 10.625 10.625 10.625 10.625
7.1666665077209472656 7.1666665077209472656 7.1666665077209472656 7.1666665077209472656 7.1666665077209472656 7.1666665077209472656 7.3333334922790527344 7.3333334922790527344 7.3333334922790527344 7.3333334922790527344 8.125 8.125 8.125 9.4583330154418945312 9.4583330154418945312 9.4583330154418945312 9.4583330154418945312 9.4583330154418945312 9.4583330154418945312 9.4583330154418945312 9.4583330154418945312 9.4583330154418945312 9.4583330154418945312 9.4583330154418945312 9.4583330154418945312 9.4583330154418945312 9.4583330154418945312 9.4583330154418945312 9.4583330154418945312 9.4583330154418945312 9.4583330154418945312 9.4583330154418945312 9.4583330154418945312 9.4583330154418945312 9.5416669845581054688 9.5416669845581054688 9.5416669845581054688 9.5416669845581054688 9.5416669845581054688 9.5424547195434570312 9.5420103073120117188 10.625 10.625 10.625 10.5
7.1666665077209472656 7.1666665077209472656 7.1666665077209472656 7.1666665077209472656 7.1666665077209472656 7.1666665077209472656 7.2916665077209472656 7.2916665077209472656 7.3333334922790527344 8.125 8.125 8.125 9.4583330154418945312 9.4583330154418945312 9.4583330154418945312 9.4583330154418945312 9.4583330154418945312 9.4583330154418945312 9.4583330154418945312 9.4583330154418945312 9.4583330154418945312 9.4583330154418945312 9.4583330154418945312 9.4583330154418945312 9.4583330154418945312 9.4583330154418945312 9.4583330154418945312 9.4583330154418945312 9.4583330154418945312 9.4583330154418945312 9.4583330154418945312 9.4583330154418945312 9.4583330154418945312 9.5416669845581054688 9.5416669845581054688 9.5416669845581054688 9.5416669845581054688 9.5416669845581054688 9.5416669845581054688 9.5416669845581054688 9.5416669845581054688 10.625 10.625 10.625 10.5
7.1666665077209472656 7.1666665077209472656 7.1666665077209472656 7.1666665077209472656 7.1666665077209472656 7.1666665077209472656 7.2916665077209472656 7.2916665077209472656 7.2916665077209472656 8.125 8.125 8.125 9.4583330154418945312 9.4583330154418945312 9.4583330154418945312 9.4583330154418945312 9.4583330154418945312 9.4583330154418945312 9.4583330154418945312 9.4583330154418945312 9.4583330154418945312 9.4583330154418945312 9.4583330154418945312 9.4583330154418945312 9.4583330154418945312 9.4583330154418945312 9.4583330154418945312 9.4583330154418945312 9.4583330154418945312 9.4583330154418945312 9.4583330154418945312 9.4583330154418945312 9.5416669845581054688 9.5416669845581054688 9.5416669845581054688 9.5416669845581054688 9.5416669845581054688 9.5416669845581054688 9.5416669845581054688 9.5416669845581054688 9.5416669845581054688 9.5416669845581054688 10.625 10.625 10.5
7.1666665077209472656 7.1666665077209472656 7.1666665077209472656 7.1666665077209472656 7.1666665077209472656 7.1666665077209472656 7.2916665077209472656 7.9583334922790527344 7.9583334922790527344 7.9583334922790527344 8.125 9.4583330154418945312 9.4583330154418945312 9.4583330154418945312 9.4583330154418945312 9.4583330154418945312 9.4583330154418945312 9.4583330154418945312 9.4583330154418945312 9.4583330154418945312 9.4583330154418945312 9.4583330154418945312 9.4583330154418945312 9.4583330154418945312 9.4583330154418945312 9.4583330154418945312 9.4583330154418945312 9.4583330154418945312 9.4583330154418945312 9.4583330154418945312 9.4583330154418945312 9.5416669845581054688 9.5416669845581054688 9.5416669845581054688 9.5416669845581054688 9.5416669845581054688 9.5416669845581054688 9.5416669845581054688 9.5416669845581054688 9.5416669845581054688 9.5416669845581054688 9.5416669845581054688 10.625 10.5 10.5
7.125 7.125 7.1666665077209472656 7.1666665077209472656 7.1666665077209472656 7.1666665077209472656 7.9583334922790527344 7.9583334922790527344 7.9583334922790527344 7.9583334922790527344 7.9583334922790527344 9.4583330154418945312 9.4583330154418945312 9.4583330154418945312 9.4583330154418945312 9.4583330154418945312 9.4583330154418945312 9.4583330154418945312 9.4583330154418945312 9.4583330154418945312 9.4583330154418945312 9.4583330154418945312 9.4583330154418945312 9.4583330154418945312 9.4583330154418945312 9.4583330154418945312 9.4583330154418945312 9.4583330154418945312 9.4583330154418945312 9.4583330154418945312 9.5416669845581054688 9.5416669845581054688 9.5416669845581054688 9.5416669845581054688 9.5416669845581054688 9.5416669845581054688 9.5416669845581054688 9.5416669845581054688 9.5416669845581054688 9.5416669845581054688 9.5416669845581054688 9.5416669845581054688 9.4166669845581054688 10.5 10.5
7.125 7.125 7.125 7.1666665077209472656 7.1666665077209472656 7.9583334922790527344 7.9583334922790527344 7.9583334922790527344 7.9583334922790527344 7.9583334922790527344 7.9583334922790527344 9.4583330154418945312 9.4583330154418945312 9.4583330154418945312 9.4583330154418945312 9.4583330154418945312 9.4583330154418945312 9.4583330154418945312 9.4583330154418945312 9.4583330154418945312 9.4583330154418945312 9.4583330154418945312 9.4583330154418945312 9.4583330154418945312 9.4583330154418945312 9.4583330154418945312 9.4583330154418945312 9.4583330154418945312 9.4583330154418945312 9.5416669845581054688 9.5416669845581054688 9.5416669845581054688 9.5416669845581054688 9.5416669845581054688 9.5416669845581054688 9.5416669845581054688 9.5416669845581054688 9.5416669845581054688 9.5416669845581054688 9.5416669845581054688 9.5416669845581054688 9.5416669845581054688 9.4166669845581054688 10.5 10.5
7.125 7.125 7.125 7.125 7.9583334922790527344 7.9583334922790527344 7.9583334922790527344 7.9583334922790527344 7.9583334922790527344 7.9583334922790527344 7.9583334922790527344 7.9583334922790527344 9.4583330154418945312 9.4583330154418945312 9.4583330154418945312 9.4583330154418945312 9.4583330154418945312 9.4583330154418945312 9.4583330154418945312 9.4583330154418945312 9.4583330154418945312 9.4583330154418945312 9.4583330154418945312 9.4583330154418945312 9.4583330154418945312 9.4583330154418945312 9.4583330154418945312 9.5416669845581054688 9.5416669845581054688 9.5416669845581054688 9.5416669845581054688 9.5416669845581054688 9.5416669845581054688 9.5416669845581054688 9.5416669845581054688 9.5416669845581054688 9.5416669845581054688 9.5416669845581054688 9.5416669845581054688 9.5416669845581054688 9.5416669845581054688 9.5416669845581054688 9.4166669845581054688 10.5 10.5
7.125 7.125 7.125 7.125 7.9583334922790527344 7.9583334922790527344 7.9583334922790527344 7.9583334922790527344 7.9583334922790527344 7.9583334922790527344 7.9583334922790527344 8.0833330154418945312 8.0833330154418945312 8.0833330154418945312 8.0833330154418945312 8.0833330154418945312 8.0833330154418945312 8.0833330154418945312 9.4583330154418945312 9.4583330154418945312 9.4583330154418945312 9.4583330154418945312 9.4583330154418945312 9.4583330154418945312 9.4583330154418945312 9.4583330154418945312 9.5416669845581054688 9.5416669845581054688 9.5416669845581054688 9.5416669845581054688 9.5416669845581054688 9.5416669845581054688 9.5416669845581054688 9.5416669845581054688 9.5416669845581054688 9.5416669845581054688 9.5416669845581054688 9.5416669845581054688 9.5416669845581054688 9.5416669845581054688 9.5416669845581054688 9.4166669845581054688 9.4166669845581054688 9.4166669845581054688 10.5
7.125 7.125 7.125 7.125 7.9583334922790527344 7.9583334922790527344 7.9583334922790527344 7.9583334922790527344 7.9583334922790527344 7.9583334922790527344 7.9583334922790527344 8.0833330154418945312 8.0833330154418945312 8.0833330154418945312 8.0833330154418945312 8.0833330154418945312 8.0833330154418945312 8.0833330154418945312 8.0833330154418945312 8.0833330154418945312 8.0833330154418945312 8.0833330154418945312 8.0833330154418945312 8.0833330154418945312 9.4583330154418945312 9.5416669845581054688 9.5416669845581054688 9.5416669845581054688 9.5416669845581054688 9.5416669845581054688 9.5416669845581054688 9.5416669845581054688 9.5416669845581054688 9.5416669845581054688 9.5416669845581054688 9.5416669845581054688 9.5416669845581054688 9.5416669845581054688 9.5416669845581054688 9.5416669845581054688 9.5416669845581054688 9.4166669845581054688 9.4166669845581054688 9.4166669845581054688 10.5
7.125 7.125 7.125 7.125 7.125 7.9583334922790527344 7.9583334922790527344 7.9583334922790527344 7.9583334922790527344 7.9583334922790527344 7.9583334922790527344 8.0833330154418945312 8.0833330154418945312 8.0833330154418945312 8.0833330154418945312 8.0833330154418945312 8.0833330154418945312 8.0833330154418945312 8.0833330154418945312 8.0833330154418945312 8.0833330154418945312 8.0833330154418945312 8.0833330154418945312 8.0833330154418945312 8.0833330154418945312 9.5416669845581054688 9.5416669845581054688 9.5416669845581054688 9.5416669845581054688 9.5416669845581054688 9.5416669845581054688 9.5416669845581054688 9.5416669845581054688 9.5416669845581054688 9.5416669845581054688 9.5416669845581054688 9.5416669845581054688 9.5416669845581054688 9.5416669845581054688 9.5416669845581054688 9.4166669845581054688 9.4166669845581054688 9.4166669845581054688 9.4166669845581054688 9.4166669845581054688
7.125 7.125 7.125 7.125 7.125 7.9583334922790527344 7.9583334922790527344 7.9583334922790527344 7.9583334922790527344 7.9583334922790527344 8.0833330154418945312 8.0833330154418945312 8.0833330154418945312 8.0833330154418945312 8.0833330154418945312 8.0833330154418945312 8.0833330154418945312 8.0833330154418945312 8.0833330154418945312 8.0833330154418945312 8.0833330154418945312 8.0833330154418945312 8.0833330154418945312 8.0833330154418945312 8.0833330154418945312 9.5416669845581054688 9.5416669845581054688 9.5416669845581054688 9.5416669845581054688 9.5416669845581054688 9.5416669845581054688 9.5416669845581054688 9.5416669845581054688 9.5416669845581054688 9.5416669845581054688 9.5416669845581054688 9.5416669845581054688 9.5416669845581054688 9.5416669845581054688 9.5416669845581054688 9.4166669845581054688 9.4166669845581054688 9.4166669845581054688 9.4166669845581054688 9.4166669845581054688
7.125 7.125 7.125 7.125 7.125 7.9583334922790527344 7.9583334922790527344 7.9583334922790527344 7.9583334922790527344 7.9583334922790527344 8.0833330154418945312 8.0833330154418945312 8.0833330154418945312 8.0833330154418945312 8.0833330154418945312 8.0833330154418945312 8.0833330154418945312 8.0833330154418945312 8.0833330154418945312 8.0833330154418945312 8.0833330154418945312 8.0833330154418945312 8.0833330154418945312 8.0833330154418945312 8.0833330154418945312 9.5416669845581054688 9.5416669845581054688 9.5416669845581054688 9.5416669845581054688 9.5416669845581054688 9.5416669845581054688 9.5416669845581054688 9.5416669845581054688 9.5416669845581054688 9.5416669845581054688 9.5416669845581054688 9.5416669845581054688 9.5416669845581054688 9.5416669845581054688 9.4166669845581054688 9.4166669845581054688 9.4166669845581054688 9.4166669845581054688 9.4166669845581054688 9.4166669845581054688
7.125 7.125 7.125 7.125 7.125 7.9583334922790527344 7.9583334922790527344 7.9583334922790527344 7.9583334922790527344 7.9583334922790527344 8.0833330154418945312 8.0833330154418945312 8.0833330154418945312 8.0833330154418945312 8.0833330154418945312 8.0833330154418945312 8.0833330154418945312 8.0833330154418945312 8.0833330154418945312 8.0833330154418945312 8.0833330154418945312 8.0833330154418945312 8.0833330154418945312 8.0833330154418945312 8.0833330154418945312 9.5416669845581054688 9.5416669845581054688 9.5416669845581054688 9.5416669845581054688 9.5416669845581054688 9.5416669845581054688 9.5416669845581054688 9.5416669845581054688 9.5416669845581054688 9.5416669845581054688 9.5416669845581054688 9.5416669845581054688 9.5416669845581054688 9.5416669845581054688 9.4166669845581054688 9.4166669845581054688 9.4166669845581054688 9.4166669845581054688 9.4166669845581054688 9.4166669845581054688
7.125 7.125 7.125 7.125 7.125 7.9583334922790527344 7.9583334922790527344 7.9583334922790527344 7.9583334922790527344 7.9583334922790527344 8.0833330154418945312 8.0833330154418945312 8.0833330154418945312 8.0833330154418945312 8.0833330154418945312 8.0833330154418945312 8.0833330154418945312 8.0833330154418945312 8.0833330154418945312 8.0833330154418945312 8.0833330154418945312 8.0833330154418945312 8.0833330154418945312 8.0833330154418945312 8.0833330154418945312 9.5416669845581054688 9.5416669845581054688 9.5416669845581054688 9.5416669845581054688 9.5416669845581054688 9.5416669845581054688 9.5416669845581054688 9.5416669845581054688 9.5416669845581054688 9.5416669845581054688 9.5416669845581054688 9.5416669845581054688 9.5416669845581054688 9.4166669845581054688 9.4166669845581054688 9.4166669845581054688 9.4166669845581054688 9.4166669845581054688 9.4166669845581054688 9.4166669845581054688
7.125 7.125 7.125 7.1248712539672851562 7.125 7.9583334922790527344 7.9583334922790527344 7.9583334922790527344 7.9583334922790527344 8.0833234786987304688 8.083309173583984375 8.0833330154418945312 8.0833330154418945312 8.0833330154418945312 8.0833330154418945312 8.0835027694702148438 8.0833330154418945312 8.0833330154418945312 8.0833330154418945312 8.0833330154418945312 8.0833330154418945312 8.0833330154418945312 8.0833330154418945312 8.0837278366088867188 8.0833330154418945312 9.5416669845581054688 9.5416669845581054688 9.5416669845581054688 9.5416669845581054688 9.5416669845581054688 9.5416669845581054688 9.5416669845581054688 9.5416669845581054688 9.5416669845581054688 9.5416669845581054688 9.5416669845581054688 9.5416669845581054688 9.5416669845581054688 9.4166669845581054688 9.4166669845581054688 9.4166669845581054688 9.4166669845581054688 9.4166669845581054688 9.4166669845581054688 9.4166669845581054688
7.125 7.125 7.1248717308044433594 7.1238927841186523438 7.125 7.9583334922790527344 7.9583334922790527344 7.9583334922790527344 7.9583334922790527344 8.08304595947265625 8.08295440673828125 8.0833330154418945312 8.0833330154418945312 8.0833330154418945312 8.0833339691162109375 8.0846757888793945312 8.0833330154418945312 8.0833330154418945312 8.0833330154418945312 8.0833330154418945312 8.0833330154418945312 8.0833330154418945312 8.0833330154418945312 8.0864734649658203125 8.0833654403686523438 9.5416669845581054688 9.5416669845581054688 9.5416669845581054688 9.5416669845581054688 9.5416669845581054688 9.5416669845581054688 9.5416669845581054688 9.5416669845581054688 9.5416669845581054688 9.5416669845581054688 9.5416669845581054688 9.5416669845581054688 9.4166669845581054688 9.4166669845581054688 9.4166669845581054688 9.4166669845581054688 9.4166669845581054688 9.4166669845581054688 9.4166669845581054688 9.4166669845581054688
7.125 7.125 7.125 7.125 7.125 7.25 7.25 7.25 7.25 8.0833330154418945312 8.0833330154418945312 8.0833330154418945312 8.0833330154418945312 8.0833330154418945312 8.0833330154418945312 8.0833330154418945312 8.0833330154418945312 8.0833330154418945312 8.0833330154418945312 8.0833330154418945312 8.0833330154418945312 8.0833330154418945312 8.0833330154418945312 8.0833330154418945312 8.0833330154418945312 9.5416669845581054688 9.5416669845581054688 9.5416669845581054688 9.5416669845581054688 9.5416669845581054688 9.5416669845581054688 9.5416669845581054688 9.5416669845581054688 9.5416669845581054688 9.5416669845581054688 9.5416669845581054688 9.5416669845581054688 9.4166669845581054688 9.4166669845581054688 9.4166669845581054688 9.4166669845581054688 9.4166669845581054688 9.4166669845581054688 9.4166669845581054688 9.4166669845581054688
7.125 7.125 7.125 7.125 7.125 7.25 7.25 7.25 7.25 8.0833330154418945312 8.0833330154418945312 8.0833330154418945312 8.0833330154418945312 8.0833330154418945312 8.0833330154418945312 8.0833330154418945312 8.0833330154418945312 8.0833330154418945312 8.0833330154418945312 8.0833330154418945312 8.0833330154418945312 8.0833330154418945312 8.0833330154418945312 8.0833330154418945312 8.0833330154418945312 9.5416669845581054688 9.5416669845581054688 9.5416669845581054688 9.5416669845581054688 9.5416669845581054688 9.5416669845581054688 9.5416669845581054688 9.5416669845581054688 9.5416669845581054688 9.5416669845581054688 9.5416669845581054688 9.4166669845581054688 9.4166669845581054688 9.4166669845581054688 9.4166669845581054688 9.4166669845581054688 9.4166669845581054688 9.4166669845581054688 9.4166669845581054688 9.4166669845581054688
7.125 7.125 7.125 7.125 7.125 7.25 7.25 7.25 7.25 8.0833330154418945312 8.0833330154418945312 8.0833330154418945312 8.0833330154418945312 8.0833330154418945312 8.0833330154418945312 8.0833330154418945312 8.0833330154418945312 8.0833330154418945312 8.0833330154418945312 8.0833330154418945312 8.0833330154418945312 8.0833330154418945312 8.0833330154418945312 8.0833330154418945312 8.0833330154418945312 9.5416669845581054688 9.5416669845581054688 9.5416669845581054688 9.5416669845581054688 9.5416669845581054688 9.5416669845581054688 9.5416669845581054688 9.5416669845581054688 9.5416669845581054688 9.5416669845581054688 9.5416669845581054688 9.4166669845581054688 9.4166669845581054688 9.4166669845581054688 9.4166669845581054688 9.4166669845581054688 9.4166669845581054688 9.4166669845581054688 9.4166669845581054688 9.4166669845581054688
