Example_Dataset/contamination rasters/kriging2.asc
ncols        354
nrows        251
xllcorner    35034896.598640002310
yllcorner    54060096.598640002310
cellsize     6.802719999999
NODATA_value -3.4028234663852885981e+38
[rows 160 to 179 of 251, columns 90 to 134 of 354]
11.083333015441894531 11.083333015441894531 11.083333015441894531 11.083333015441894531 11.083333015441894531 11.083333015441894531 11.083333015441894531 11.083333015441894531 11.083333015441894531 11.083333015441894531 10.958333015441894531 11.625 11.625 11.625 10.791666984558105469 10.791666984558105469 10.791666984558105469 10.791666984558105469 10.791666984558105469 10.791666984558105469 10.791666984558105469 10.791666984558105469 10.791666984558105469 10.791666984558105469 10.875 10.875 10.875 10.458333015441894531 10.458333015441894531 10.458333015441894531 10.458333015441894531 10.458333015441894531 10.458333015441894531 9.7916669845581054688 9.7916669845581054688 9.7916669845581054688 9.7916669845581054688 9.7916669845581054688 9.7916669845581054688 9.7916669845581054688 9.7916669845581054688 9.7916669845581054688 9.7916669845581054688 9.125 9.125
11.083333015441894531 11.083333015441894531 11.083333015441894531 11.083333015441894531 11.083333015441894531 11.083333015441894531 11.083333015441894531 11.083333015441894531 11.666666984558105469 11.666666984558105469 11.541666984558105469 11.625 11.625 11.625 10.375 10.375 10.791666984558105469 10.791666984558105469 10.791666984558105469 10.791666984558105469 10.791666984558105469 10.791666984558105469 10.791666984558105469 10.791666984558105469 10.791666984558105469 10.875 10.625 10.458333015441894531 10.458333015441894531 10.458333015441894531 10.458333015441894531 10.458333015441894531 9.7916669845581054688 9.7916669845581054688 9.7916669845581054688 9.7916669845581054688 9.7916669845581054688 9.7916669845581054688 9.7916669845581054688 9.7916669845581054688 9.7916669845581054688 9.7916669845581054688 9.7916669845581054688 9.125 9.125
11.083333015441894531 11.083333015441894531 11.083333015441894531 11.083333015441894531 11.083333015441894531 11.083333015441894531 11.083333015441894531 11.666666984558105469 11.666666984558105469 11.541666984558105469 11.541666984558105469 11.541666984558105469 11.625 11.625 10.375 10.375 10.375 10.791666984558105469 10.791666984558105469 10.791666984558105469 10.791666984558105469 10.791666984558105469 10.791666984558105469 10.791666984558105469 10.791666984558105469 10.625 10.625 10.625 10.458333015441894531 10.458333015441894531 10.458333015441894531 10.45833587646484375 9.7916898727416992188 9.791690826416015625 9.7916698455810546875 9.7916669845581054688 9.7916669845581054688 9.7916669845581054688 9.7916669845581054688 9.7916669845581054688 9.7916669845581054688 9.7916669845581054688 9.7916669845581054688 9.125 9.125
11.083333015441894531 11.083333015441894531 11.083333015441894531 11.083333015441894531 11.666666984558105469 11.666666984558105469 11.666666984558105469 11.666666984558105469 11.541666984558105469 11.541666984558105469 11.541666984558105469 11.541666984558105469 11.625 11.625 10.375 10.375 10.375 10.375 10.791666984558105469 10.791666984558105469 10.791666984558105469 10.791666984558105469 10.791666984558105469 10.791666984558105469 10.791666984558105469 10.625 10.625 10.625 10.625 10.458333015441894531 10.458337783813476562 9.79195404052734375 9.7938976287841796875 9.7940092086791992188 9.79199981689453125 9.7916727066040039062 9.7916669845581054688 9.7916669845581054688 9.7916669845581054688 9.7916669845581054688 9.7916669845581054688 9.7916669845581054688 9.7916669845581054688 9.125 9.125
11.083333015441894531 11.666666984558105469 11.666666984558105469 11.666666984558105469 11.666666984558105469 11.666666984558105469 11.666666984558105469 11.666666984558105469 11.541666984558105469 11.541666984558105469 11.541666984558105469 11.541666984558105469 11.541666984558105469 11.625 10.375 10.375 10.375 10.375 10.791666984558105469 10.791666984558105469 10.791666984558105469 10.791666984558105469 10.791666984558105469 10.791666984558105469 10.625 10.625 10.625 10.625 10.625 9.9583330154418945312 9.95839691162109375 9.7954158782958984375 9.820758819580078125 9.8222217559814453125 9.7960100173950195312 9.7917499542236328125 9.7916669845581054688 9.7916669845581054688 9.7916669845581054688 9.7916669845581054688 9.7916669845581054688 9.7916669845581054688 9.7916669845581054688 9.7916669845581054688 8.375
11.666666984558105469 11.666666984558105469 11.666666984558105469 11.666666984558105469 11.666666984558105469 11.666666984558105469 11.666666984558105469 11.541666984558105469 11.541666984558105469 11.541666984558105469 11.541666984558105469 11.541666984558105469 11.541666984558105469 11.625 10.375 10.375 10.375 10.375 10.791666984558105469 10.791666984558105469 10.791666984558105469 10.791666984558105469 10.791666984558105469 10.791666984558105469 10.625 10.625 10.625 10.625 10.625 9.9583339691162109375 9.9584445953369140625 9.7982835769653320312 9.8430156707763671875 9.8455972671508789062 9.7993326187133789062 9.7918138504028320312 9.7916669845581054688 9.7916669845581054688 9.7916669845581054688 9.7916669845581054688 9.7916669845581054688 9.7916669845581054688 9.7916669845581054688 9.7916669845581054688 8.375
11.666666984558105469 11.666666984558105469 11.666666984558105469 11.666666984558105469 11.666685104370117188 11.666746139526367188 11.666711807250976562 11.541669845581054688 11.541666984558105469 11.541666984558105469 11.541666984558105469 11.541666984558105469 11.541666984558105469 11.541666984558105469 10.375 10.375 10.375 10.375 10.375 10.791666984558105469 10.791666984558105469 10.791666984558105469 10.791666984558105469 10.791666984558105469 10.625 10.625 10.625 10.625 10.625 9.9583330154418945312 9.9583597183227539062 9.9598636627197265625 9.80393218994140625 9.8045492172241210938 9.7934980392456054688 9.7917022705078125 9.7916669845581054688 9.7916669845581054688 9.7916669845581054688 9.7916669845581054688 9.7916669845581054688 9.7916669845581054688 9.7916669845581054688 9.2916669845581054688 9.2916669845581054688
11.666666984558105469 11.666666984558105469 11.666666984558105469 11.66670989990234375 11.668008804321289062 11.672324180603027344 11.544957160949707031 11.541920661926269531 11.541668891906738281 11.541666984558105469 11.541666984558105469 11.541666984558105469 11.541666984558105469 11.541666984558105469 10.375 10.375 10.375 10.375 10.375 10.625 10.958333015441894531 10.958333015441894531 10.958333015441894531 10.958333015441894531 10.625 10.625 10.625 10.625 9.9583330154418945312 9.9583330154418945312 9.9583339691162109375 9.9583826065063476562 9.7920627593994140625 9.7920827865600585938 9.7917261123657226562 9.791667938232421875 9.7916669845581054688 9.7916669845581054688 9.7916669845581054688 9.7916669845581054688 9.7916669845581054688 9.2916669845581054688 9.2916669845581054688 9.2916669845581054688 9.2916669845581054688
11.666666984558105469 11.666666984558105469 11.666668891906738281 11.667084693908691406 11.679674148559570312 11.721486091613769531 11.573551177978515625 11.544127464294433594 11.541692733764648438 11.541666984558105469 11.541666984558105469 11.541666984558105469 11.541666984558105469 11.541666984558105469 11.375 10.541666984558105469 10.541666984558105469 10.541666984558105469 10.541666984558105469 10.958333015441894531 10.958333015441894531 10.958333015441894531 10.958333015441894531 10.958333015441894531 10.625 10.625 10.625 10.625 9.9583330154418945312 9.9583330154418945312 9.9583330154418945312 9.9583339691162109375 9.9583349227905273438 9.7916688919067382812 9.7916669845581054688 9.7916669845581054688 9.7916669845581054688 9.7916669845581054688 9.7916669845581054688 9.7916669845581054688 9.2916669845581054688 9.2916669845581054688 9.2916669845581054688 9.2916669845581054688 9.2916669845581054688
11.666666984558105469 11.666666984558105469 11.666668891906738281 12.583802223205566406 12.597920417785644531 12.644810676574707031 11.583474159240722656 11.544894218444824219 11.541700363159179688 11.541666984558105469 11.541666984558105469 11.541666984558105469 11.541666984558105469 11.375 11.375 10.541666984558105469 10.541666984558105469 10.541666984558105469 10.541666984558105469 11.791666984558105469 10.958333015441894531 10.958333015441894531 10.958333015441894531 10.958333015441894531 10.958333015441894531 10.625 10.625 9.9583330154418945312 9.9583330154418945312 9.9583330154418945312 9.9583330154418945312 9.9583330154418945312 9.9583330154418945312 9.7916669845581054688 9.7916669845581054688 9.7916669845581054688 9.7916669845581054688 9.7916669845581054688 9.7916669845581054688 9.2916669845581054688 9.2916669845581054688 9.2916669845581054688 9.2916669845581054688 9.2916669845581054688 9.2916669845581054688
11.666666984558105469 12.583333015441894531 12.583333969116210938 12.583415985107421875 12.5859222412109375 12.594243049621582031 11.549085617065429688 11.542239189147949219 11.541672706604003906 11.541666984558105469 11.541666984558105469 11.541666984558105469 11.375 11.375 11.375 11.791666984558105469 11.791666984558105469 11.791666984558105469 11.791666984558105469 11.791666984558105469 10.958333015441894531 10.958333015441894531 10.958333015441894531 10.958333015441894531 10.958333015441894531 10.625 10.625 9.9583330154418945312 9.9583330154418945312 9.9583330154418945312 9.9583330154418945312 9.9583330154418945312 9.9583330154418945312 9.9583330154418945312 9.7916669845581054688 9.7916669845581054688 9.7916669845581054688 9.2916669845581054688 9.2916669845581054688 9.2916669845581054688 9.2916669845581054688 9.2916669845581054688 9.2916669845581054688 9.2916669845581054688 9.2916669845581054688
12.583333015441894531 12.583333015441894531 12.583333015441894531 12.583334922790527344 12.583395957946777344 11.541978836059570312 11.541845321655273438 11.541680335998535156 11.541666984558105469 11.541666984558105469 11.541666984558105469 11.375 11.375 11.375 11.375 11.791666984558105469 11.791666984558105469 11.791666984558105469 11.791666984558105469 11.791666984558105469 11.791666984558105469 10.958333015441894531 10.958333015441894531 10.958333015441894531 10.958333015441894531 10.541666984558105469 9.9583330154418945312 9.9583330154418945312 9.9583330154418945312 9.9583330154418945312 9.9583330154418945312 9.9583330154418945312 9.9583330154418945312 9.9583330154418945312 9.9583330154418945312 9.7916669845581054688 9.2916669845581054688 9.2916669845581054688 9.2916669845581054688 9.2916669845581054688 9.2916669845581054688 9.2916669845581054688 9.2916669845581054688 9.2916669845581054688 9.2916669845581054688
12.583333015441894531 12.583333015441894531 12.583333015441894531 12.583333015441894531 12.583333969116210938 11.541667938232421875 11.541666984558105469 11.541666984558105469 11.541666984558105469 11.541666984558105469 11.541666984558105469 11.375 11.375 11.375 11.375 11.791666984558105469 11.791666984558105469 11.791666984558105469 11.791666984558105469 11.791666984558105469 11.791666984558105469 11.791666984558105469 10.958333015441894531 10.958333015441894531 10.958333015441894531 10.541666984558105469 9.9583330154418945312 9.9583330154418945312 9.9583330154418945312 9.9583330154418945312 9.9583330154418945312 9.9583330154418945312 9.9583330154418945312 9.9583330154418945312 9.9583330154418945312 9.2916669845581054688 9.2916669845581054688 9.2916669845581054688 9.2916669845581054688 9.2916669845581054688 9.2916669845581054688 9.2916669845581054688 9.2916669845581054688 9.2916669845581054688 9.2916669845581054688
12.583333015441894531 12.583333015441894531 12.583333015441894531 12.583333015441894531 12.583333015441894531 12.041666984558105469 12.041666984558105469 12.041666984558105469 12.041666984558105469 11.541666984558105469 11.375 11.375 11.375 11.375 11.375 11.791666984558105469 11.791666984558105469 11.791666984558105469 11.791666984558105469 11.791666984558105469 11.791666984558105469 11.791666984558105469 11.791666984558105469 11.791666984558105469 11.791666984558105469 10.291666984558105469 9.9583330154418945312 9.9583330154418945312 9.9583330154418945312 9.9583330154418945312 9.9583330154418945312 9.875 9.875 9.875 9.875 9.2916669845581054688 9.2916669845581054688 9.2916669845581054688 9.2916669845581054688 9.2916669845581054688 9.2916669845581054688 9.2916669845581054688 9.2916669845581054688 9.2916669845581054688 9.2916669845581054688
12.166666984558105469 12.583333015441894531 12.583333015441894531 12.583333015441894531 12.041666984558105469 12.041666984558105469 12.041666984558105469 12.041666984558105469 12.041666984558105469 12.041666984558105469 11.375 11.375 11.375 11.375 11.375 11.791666984558105469 11.791666984558105469 11.791666984558105469 11.791666984558105469 11.791666984558105469 11.791666984558105469 11.083333015441894531 11.791666984558105469 11.791666984558105469 11.791666984558105469 10.291666984558105469 10.291666984558105469 9.9583330154418945312 9.875 9.875 9.875 9.875 9.875 9.875 9.875 9.875 9.2916669845581054688 9.2916669845581054688 9.2916669845581054688 9.2916669845581054688 9.2916669845581054688 9.2916669845581054688 9.2916669845581054688 9.2916669845581054688 9.2916669845581054688
12.166666984558105469 12.166666984558105469 12.041666984558105469 12.041666984558105469 12.041666984558105469 12.041666984558105469 12.041666984558105469 12.041666984558105469 12.041666984558105469 11.083333015441894531 11.375 11.375 11.375 11.375 11.375 11.375 11.083333015441894531 11.083333015441894531 11.083333015441894531 11.083333015441894531 11.083333015441894531 11.083333015441894531 11.083333015441894531 11.791666984558105469 10.25 10.291666984558105469 10.291666984558105469 9.875 9.875 9.875 9.875 9.875 9.875 9.875 9.875 9.875 9.2916669845581054688 9.2916669845581054688 9.2916669845581054688 9.2916669845581054688 9.2916669845581054688 9.2916669845581054688 9.2916669845581054688 9.2916669845581054688 9.2916669845581054688
12.166666984558105469 12.166666984558105469 12.041666984558105469 12.041666984558105469 12.041666984558105469 12.041666984558105469 12.041666984558105469 12.041666984558105469 11.083333015441894531 11.083333015441894531 10.666666984558105469 10.666666984558105469 10.666666984558105469 10.666666984558105469 10.666666984558105469 11.083333015441894531 11.083333015441894531 11.083333015441894531 11.083333015441894531 11.083333015441894531 11.083333015441894531 11.083333015441894531 11.083333015441894531 11.083333015441894531 10.25 10.291666984558105469 10.291666984558105469 9.875 9.875 9.875 9.875 9.875 9.875 9.875 9.875 9.25 9.2916669845581054688 9.2916669845581054688 9.2916669845581054688 9.2916669845581054688 9.2916669845581054688 9.2916669845581054688 9.2916669845581054688 9.2916669845581054688 9.2916669845581054688
12.416666984558105469 12.125 12.125 12.041666984558105469 11.333333015441894531 11.333333015441894531 11.333333015441894531 11.333333015441894531 11.333333015441894531 11.333333015441894531 10.666666984558105469 10.666666984558105469 10.666666984558105469 10.666666984558105469 10.666666984558105469 11.083333015441894531 11.083333015441894531 11.083333015441894531 11.083333015441894531 11.083333015441894531 11.083333015441894531 11.083333015441894531 11.083333015441894531 11.083333015441894531 11.083333015441894531 9.5833330154418945312 9.5833330154418945312 9.875 9.875 9.875 9.875 9.875 9.875 9.875 9.25 9.25 9.25 9.2916669845581054688 9.2916669845581054688 9.2916669845581054688 9.2916669845581054688 9.2916669845581054688 9.2916669845581054688 9.2916669845581054688 9.2916669845581054688
11.291666984558105469 11.291666984558105469 11.333333015441894531 11.333333015441894531 11.333333015441894531 11.333333015441894531 11.333333015441894531 11.333333015441894531 11.333333015441894531 11.333333015441894531 10.666666984558105469 10.666666984558105469 10.666666984558105469 10.666666984558105469 10.666666984558105469 11.083333015441894531 11.083333015441894531 11.083333015441894531 11.083333015441894531 11.083333015441894531 11.083333015441894531 11.083333015441894531 11.083333015441894531 11.083333015441894531 11.083333015441894531 9.5833330154418945312 9.5833330154418945312 9.5833330154418945312 9.875 9.875 9.875 9.875 9.25 9.25 9.25 9.25 9.25 9.2916669845581054688 9.2916669845581054688 9.2916669845581054688 9.2916669845581054688 9.2916669845581054688 9.2916669845581054688 9.2916669845581054688 9.2916669845581054688
10.5 10.5 10.5 11.333333015441894531 11.333333015441894531 11.333333015441894531 11.333333015441894531 11.333333015441894531 11.333333015441894531 11.333333015441894531 10.666666984558105469 10.666666984558105469 10.666666984558105469 10.666666984558105469 10.666666984558105469 11.083333015441894531 11.083333015441894531 11.083333015441894531 11.083333015441894531 11.083333015441894531 11.083333015441894531 11.083333015441894531 11.083333015441894531 11.083333015441894531 11.083333015441894531 9.5833330154418945312 9.5833330154418945312 9.5833330154418945312 9.875 9.875 9.875 9.25 9.25 9.25 9.25 9.25 9.25 9.2916669845581054688 9.2916669845581054688 9.2916669845581054688 9.2916669845581054688 9.2916669845581054688 9.2916669845581054688 9.2916669845581054688 9.2916669845581054688
