Example_Dataset/contamination rasters/kriging2.asc
ncols        354
nrows        251
xllcorner    35034896.598640002310
yllcorner    54060096.598640002310
cellsize     6.802719999999
NODATA_value -3.4028234663852885981e+38
[rows 200 to 219 of 251, columns 0 to 44 of 354]
3.9583332538604736328 3.9583332538604736328 3.9583332538604736328 3.9583332538604736328 3.9583332538604736328 3.9583332538604736328 3.9583332538604736328 3.9583332538604736328 3.9583332538604736328 3.9583332538604736328 3.9583332538604736328 3.9583332538604736328 3.9583332538604736328 3.9583332538604736328 3.9583332538604736328 3.9583332538604736328 4.7916665077209472656 4.7916665077209472656 4.7916665077209472656 4.7916665077209472656 4.7916665077209472656 4.7083334922790527344 4.7083334922790527344 5.5416665077209472656 5.5416665077209472656 5.5416665077209472656 5.5416665077209472656 5.5416665077209472656 5.5416665077209472656 5.5416665077209472656 5.5416665077209472656 5.5416665077209472656 5.5416665077209472656 5.5416665077209472656 5.5416665077209472656 5.5416665077209472656 5.5416665077209472656 5.5416665077209472656 5.5416665077209472656 5.5416665077209472656 5.5416665077209472656 5.5416665077209472656 5.5416665077209472656 5.5416665077209472656 5.5416665077209472656
3.9583332538604736328 3.9583332538604736328 3.9583332538604736328 3.9583332538604736328 3.9583332538604736328 3.9583332538604736328 3.9583332538604736328 3.9583332538604736328 3.9583332538604736328 3.9583332538604736328 3.9583332538604736328 3.9583332538604736328 3.9583332538604736328 3.9583332538604736328 3.9583332538604736328 4.7916665077209472656 4.7916665077209472656 4.7083334922790527344 4.7083334922790527344 4.7083334922790527344 4.7083334922790527344 4.7083334922790527344 4.7083334922790527344 4.7083334922790527344 5.5416665077209472656 5.5416665077209472656 5.5416665077209472656 5.5416665077209472656 5.5416665077209472656 5.5416665077209472656 5.5416665077209472656 5.5416665077209472656 5.5416665077209472656 5.5416665077209472656 5.5416665077209472656 5.5416665077209472656 5.5416665077209472656 5.5416665077209472656 5.5416665077209472656 5.5416665077209472656 5.5416665077209472656 5.5416665077209472656 5.5416665077209472656 5.5416665077209472656 5.5416665077209472656
3.9583332538604736328 3.9583332538604736328 3.9583332538604736328 3.9583332538604736328 3.9583332538604736328 3.9583332538604736328 3.9583332538604736328 3.9583332538604736328 3.9583332538604736328 3.9583332538604736328 3.9583332538604736328 3.9583332538604736328 3.9583332538604736328 3.9583332538604736328 3.9583332538604736328 4.7083334922790527344 4.7083334922790527344 4.7083334922790527344 4.7083334922790527344 4.7083334922790527344 4.7083334922790527344 4.7083334922790527344 4.7083334922790527344 4.7083334922790527344 4.7083334922790527344 5.5416665077209472656 5.5416665077209472656 5.5416665077209472656 5.5416665077209472656 5.5416665077209472656 5.5416665077209472656 5.5416665077209472656 5.5416665077209472656 5.5416665077209472656 5.5416665077209472656 5.5416665077209472656 5.5416665077209472656 5.5416665077209472656 5.5416665077209472656 5.5416665077209472656 5.5416665077209472656 5.5416665077209472656 5.5416665077209472656 5.5416665077209472656 5.5416665077209472656
3.9583332538604736328 3.9583332538604736328 3.9583332538604736328 3.9583332538604736328 3.9583332538604736328 3.9583332538604736328 3.9583332538604736328 3.9583327770233154297 3.9583308696746826172 3.9583318233489990234 3.9583332538604736328 3.9583332538604736328 3.9583332538604736328 3.9583332538604736328 3.9583332538604736328 4.7083334922790527344 4.7083334922790527344 4.7083334922790527344 4.7083334922790527344 4.7083334922790527344 4.7083334922790527344 4.7083334922790527344 4.7083334922790527344 4.7083334922790527344 4.7083334922790527344 4.7083334922790527344 5.5416665077209472656 5.5416665077209472656 5.5416665077209472656 5.5416665077209472656 5.5416665077209472656 5.5416665077209472656 5.5416665077209472656 5.5416665077209472656 5.5416665077209472656 5.5416665077209472656 5.5416665077209472656 5.5416665077209472656 5.5416665077209472656 5.5416665077209472656 5.5416665077209472656 5.5416665077209472656 5.5416665077209472656 5.5416665077209472656 5.5416665077209472656
3.9583332538604736328 3.9583332538604736328 3.9583332538604736328 3.9583332538604736328 3.9583332538604736328 3.9583332538604736328 3.9583299160003662109 3.9582223892211914062 3.9578435420989990234 3.9580407142639160156 3.9583096504211425781 3.9583330154418945312 3.9583332538604736328 3.9583332538604736328 3.9583332538604736328 3.9583332538604736328 3.9583332538604736328 4.7083334922790527344 4.7083334922790527344 4.7083334922790527344 4.7083334922790527344 4.7083334922790527344 4.7083334922790527344 4.7083334922790527344 4.7083334922790527344 4.7083334922790527344 4.7083334922790527344 4.7083334922790527344 5.5416665077209472656 5.5416665077209472656 5.5416665077209472656 5.5416665077209472656 5.5416665077209472656 5.5416665077209472656 5.5416665077209472656 5.5416665077209472656 5.5416665077209472656 5.5416665077209472656 5.5416665077209472656 5.5416665077209472656 5.5416665077209472656 5.5416665077209472656 5.5416665077209472656 5.5416665077209472656 5.5416665077209472656
3.9583332538604736328 3.9583332538604736328 3.9583332538604736328 3.9583332538604736328 3.9583332538604736328 3.9583330154418945312 3.9582402706146240234 3.9552981853485107422 3.9449388980865478516 3.9503335952758789062 3.9576866626739501953 3.9583263397216796875 3.9583332538604736328 3.9583332538604736328 3.9583332538604736328 3.9583332538604736328 3.9583332538604736328 3.9583332538604736328 3.9583332538604736328 4.7083334922790527344 4.7083334922790527344 4.7083334922790527344 4.7083334922790527344 4.7083334922790527344 4.7083334922790527344 4.7083334922790527344 4.7083334922790527344 4.7083334922790527344 4.7083334922790527344 4.7083334922790527344 4.7083334922790527344 4.7083334922790527344 5.5416665077209472656 5.5416665077209472656 5.5416665077209472656 5.5416665077209472656 5.5416665077209472656 5.5416665077209472656 5.5416665077209472656 5.5416665077209472656 5.5416665077209472656 5.5416665077209472656 5.5416665077209472656 5.5416665077209472656 5.6666665077209472656
3.5416667461395263672 3.5416667461395263672 3.5416667461395263672 3.5416667461395263672 3.5416667461395263672 3.5416653156280517578 3.5413584709167480469 3.9471004009246826172 3.9087605476379394531 3.9287259578704833984 3.95594024658203125 3.9583072662353515625 3.9583332538604736328 3.9583332538604736328 3.9583332538604736328 3.9583332538604736328 3.9583332538604736328 3.9583332538604736328 3.9583332538604736328 3.9583332538604736328 3.9583332538604736328 4.7083334922790527344 4.7083334922790527344 4.7083334922790527344 4.7083334922790527344 4.7083334922790527344 4.7083334922790527344 4.7083334922790527344 4.7083334922790527344 4.7083334922790527344 4.7083334922790527344 4.7083334922790527344 4.7083334922790527344 4.7083334922790527344 4.7083334922790527344 4.7083334922790527344 4.7083334922790527344 4.7083334922790527344 4.7083334922790527344 5.5416665077209472656 5.5416665077209472656 5.5416665077209472656 5.5416665077209472656 5.5416665077209472656 5.6666665077209472656
3.5416667461395263672 3.5416667461395263672 3.5416667461395263672 3.5416667461395263672 3.5416667461395263672 3.5416660308837890625 3.5415122509002685547 3.9527070522308349609 3.9335033893585205078 3.9435036182403564453 3.9571347236633300781 3.9583201408386230469 3.9583332538604736328 3.9583332538604736328 3.9583332538604736328 3.9583332538604736328 3.9583332538604736328 3.9583332538604736328 3.9583332538604736328 3.9583332538604736328 3.9583332538604736328 3.9583332538604736328 3.9583332538604736328 4.7083334922790527344 4.7083334922790527344 4.7083334922790527344 4.7083334922790527344 4.7083334922790527344 4.7083334922790527344 4.7083334922790527344 4.7083334922790527344 4.7083334922790527344 4.7083334922790527344 4.7083334922790527344 4.7083334922790527344 4.7083334922790527344 4.7083334922790527344 4.7083334922790527344 4.7083334922790527344 4.7083334922790527344 4.7083334922790527344 4.7083334922790527344 4.7083334922790527344 4.7083334922790527344 4.8333334922790527344
3.5416667461395263672 3.5416667461395263672 3.5416667461395263672 3.5416667461395263672 3.5416667461395263672 3.5416665077209472656 3.5416562557220458984 3.9579520225524902344 3.9566502571105957031 3.9573280811309814453 3.9582521915435791016 3.9583325386047363281 3.9583332538604736328 3.9583332538604736328 3.9583332538604736328 3.9583332538604736328 3.9583332538604736328 3.9583332538604736328 3.9583332538604736328 3.9583332538604736328 3.9583332538604736328 3.9583332538604736328 4.2916665077209472656 4.2916665077209472656 4.2916665077209472656 4.2916665077209472656 4.2916665077209472656 4.2916665077209472656 4.2916665077209472656 4.7083334922790527344 4.7083334922790527344 4.7083334922790527344 4.7083334922790527344 4.7083334922790527344 4.7083334922790527344 4.7083334922790527344 4.7083334922790527344 4.7083334922790527344 4.7083334922790527344 4.7083334922790527344 4.7083334922790527344 4.7083334922790527344 4.7083334922790527344 4.7083334922790527344 4.8333334922790527344
3.5416667461395263672 3.5416667461395263672 3.5416667461395263672 3.5416667461395263672 3.5416667461395263672 3.5416667461395263672 3.9583332538604736328 3.9583299160003662109 3.9583179950714111328 3.9583241939544677734 3.9583325386047363281 3.9583332538604736328 3.9583332538604736328 3.9583332538604736328 3.9583332538604736328 3.9583332538604736328 3.9583332538604736328 3.9583332538604736328 3.9583332538604736328 4.2916665077209472656 4.2916665077209472656 4.2916665077209472656 4.2916665077209472656 4.2916665077209472656 4.2916665077209472656 4.2916665077209472656 4.2916665077209472656 4.2916665077209472656 4.2916665077209472656 4.2916665077209472656 4.7083334922790527344 4.7083334922790527344 4.7083334922790527344 4.7083334922790527344 4.7083334922790527344 4.7083334922790527344 4.7083334922790527344 4.7083334922790527344 4.7083334922790527344 4.7083334922790527344 4.7083334922790527344 4.7083334922790527344 4.7083334922790527344 4.8333334922790527344 4.8333334922790527344
3.5416667461395263672 3.5416667461395263672 3.5416667461395263672 3.5416667461395263672 3.5416667461395263672 3.5416667461395263672 3.9583332538604736328 3.9583332538604736328 3.9583332538604736328 3.9583332538604736328 3.9583332538604736328 3.9583332538604736328 3.9583332538604736328 3.9583332538604736328 3.9583332538604736328 3.9583332538604736328 3.9583332538604736328 4.2916665077209472656 4.2916665077209472656 4.2916665077209472656 4.2916665077209472656 4.2916665077209472656 4.2916665077209472656 4.2916665077209472656 4.2916665077209472656 4.2916665077209472656 4.2916665077209472656 4.2916665077209472656 4.2916665077209472656 4.2916665077209472656 4.2916665077209472656 4.2916665077209472656 4.7083334922790527344 4.7083334922790527344 4.7083334922790527344 4.7083334922790527344 4.7083334922790527344 4.7083334922790527344 4.7083334922790527344 4.7083334922790527344 4.7083334922790527344 4.7083334922790527344 4.7083334922790527344 4.8333334922790527344 4.8333334922790527344
3.5416667461395263672 3.5416667461395263672 3.5416667461395263672 3.5416667461395263672 3.5416667461395263672 3.9583332538604736328 3.9583332538604736328 3.9583332538604736328 3.9583332538604736328 3.9583332538604736328 3.9583332538604736328 3.9583332538604736328 3.9583332538604736328 3.9583332538604736328 3.9583332538604736328 4.2916665077209472656 4.2916665077209472656 4.2916665077209472656 4.2916665077209472656 4.2916665077209472656 4.2916665077209472656 4.2916665077209472656 4.2916665077209472656 4.2916665077209472656 4.2916665077209472656 4.2916665077209472656 4.2916665077209472656 4.2916665077209472656 4.2916665077209472656 4.2916665077209472656 4.2916665077209472656 4.2916665077209472656 4.2916665077209472656 4.7083334922790527344 4.7083334922790527344 4.7083334922790527344 4.7083334922790527344 4.7083334922790527344 4.7083334922790527344 4.7083334922790527344 4.7083334922790527344 4.4166665077209472656 4.4166665077209472656 4.4166665077209472656 4.8333334922790527344
3.5416667461395263672 3.5416667461395263672 3.5416667461395263672 3.5416667461395263672 3.5416667461395263672 3.9583332538604736328 3.9583332538604736328 3.9583332538604736328 3.9583332538604736328 3.9583332538604736328 3.9583332538604736328 3.9583332538604736328 3.9583332538604736328 4.2916665077209472656 4.2916665077209472656 4.2916665077209472656 4.2916665077209472656 4.2916665077209472656 4.2916665077209472656 4.2916665077209472656 4.2916665077209472656 4.2916665077209472656 4.2916665077209472656 4.2916665077209472656 4.2916665077209472656 4.2916665077209472656 4.2916665077209472656 4.2916665077209472656 4.2916665077209472656 4.2916665077209472656 4.2916665077209472656 4.2916665077209472656 4.2916665077209472656 4.2916665077209472656 4.7083334922790527344 4.7083334922790527344 4.7083334922790527344 4.7083334922790527344 4.7083334922790527344 4.7083334922790527344 4.4166665077209472656 4.4166665077209472656 4.4166665077209472656 4.4166665077209472656 4.8333334922790527344
3.5416667461395263672 3.5416667461395263672 3.5416667461395263672 3.5416667461395263672 3.9583332538604736328 3.9583332538604736328 3.9583332538604736328 3.9583332538604736328 3.9583332538604736328 3.9583332538604736328 3.9583332538604736328 4.2916665077209472656 4.2916665077209472656 4.2916665077209472656 4.2916665077209472656 4.2916665077209472656 4.2916665077209472656 4.2916665077209472656 4.2916665077209472656 4.2916665077209472656 4.2916665077209472656 4.2916665077209472656 4.2916665077209472656 4.2916665077209472656 4.2916665077209472656 4.2916665077209472656 4.2916665077209472656 4.2916665077209472656 4.2916665077209472656 4.2916665077209472656 4.2916665077209472656 4.2916665077209472656 4.2916665077209472656 4.2916665077209472656 4.2916665077209472656 4.2916665077209472656 4.7083334922790527344 4.7083334922790527344 4.4166665077209472656 4.4166665077209472656 4.4166665077209472656 4.4166665077209472656 4.4166665077209472656 4.4166665077209472656 4.4166665077209472656
3.5416667461395263672 3.5416667461395263672 3.5416667461395263672 3.5416667461395263672 3.9583332538604736328 3.9583332538604736328 3.9583332538604736328 3.9583332538604736328 3.9583332538604736328 4.2916665077209472656 4.2916665077209472656 4.2916665077209472656 4.2916665077209472656 4.2916665077209472656 4.2916665077209472656 4.2916665077209472656 4.2916665077209472656 4.2916665077209472656 4.2916665077209472656 4.2916665077209472656 4.2916665077209472656 4.2916665077209472656 4.2916665077209472656 4.2916665077209472656 4.2916665077209472656 4.2916665077209472656 4.2916665077209472656 4.2916665077209472656 4.2916665077209472656 4.2916665077209472656 4.2916665077209472656 4.2916665077209472656 4.2916665077209472656 4.2916665077209472656 4.2916665077209472656 4.2916665077209472656 4.2916665077209472656 4.4166665077209472656 4.4166665077209472656 4.4166665077209472656 4.4166665077209472656 4.4166665077209472656 4.4166665077209472656 4.4166665077209472656 4.4166665077209472656
3.5416667461395263672 3.5416667461395263672 3.5416667461395263672 3.9583332538604736328 3.9583332538604736328 3.9583332538604736328 4.2916665077209472656 4.2916665077209472656 4.2916665077209472656 4.2916665077209472656 4.2916665077209472656 4.2916665077209472656 4.2916665077209472656 4.2916665077209472656 4.2916665077209472656 4.2916665077209472656 4.2916665077209472656 4.2916665077209472656 4.2916665077209472656 4.2916665077209472656 4.2916665077209472656 4.2916665077209472656 4.2916665077209472656 4.2916665077209472656 4.2916665077209472656 4.2916665077209472656 4.2916665077209472656 4.2916665077209472656 4.2916665077209472656 4.2916665077209472656 4.2916665077209472656 4.2916665077209472656 4.2916665077209472656 4.2916665077209472656 4.2916665077209472656 4.2916665077209472656 4.2916665077209472656 4.4166665077209472656 4.4166665077209472656 4.4166665077209472656 4.4166665077209472656 4.4166665077209472656 4.4166665077209472656 4.4166665077209472656 4.4166665077209472656
3.5416667461395263672 3.5416667461395263672 3.5416667461395263672 3.9583332538604736328 4.2916665077209472656 4.2916665077209472656 4.2916665077209472656 4.2916665077209472656 4.2916665077209472656 4.2916665077209472656 4.2916665077209472656 4.2916665077209472656 4.2916665077209472656 4.2916665077209472656 4.2916665077209472656 4.2916665077209472656 4.2916665077209472656 4.2916665077209472656 4.2916665077209472656 4.2916665077209472656 4.2916665077209472656 4.2916665077209472656 4.2916665077209472656 4.2916665077209472656 4.2916665077209472656 4.2916665077209472656 4.2916665077209472656 4.2916665077209472656 4.2916665077209472656 4.2916665077209472656 4.2916665077209472656 4.2916665077209472656 4.2916665077209472656 4.2916665077209472656 4.2916665077209472656 4.2916665077209472656 4.2916665077209472656 4.4166665077209472656 4.4166665077209472656 4.4166665077209472656 4.4166665077209472656 4.4166665077209472656 4.4166665077209472656 4.4166665077209472656 4.4166665077209472656
3.5416667461395263672 3.5416667461395263672 4.2916665077209472656 4.2916665077209472656 4.2916665077209472656 4.2916665077209472656 4.2916665077209472656 4.2916665077209472656 4.2916665077209472656 4.2916665077209472656 4.2916665077209472656 4.2916665077209472656 4.2916665077209472656 4.2916665077209472656 4.2916665077209472656 4.2916665077209472656 4.2916665077209472656 4.2916665077209472656 4.2916665077209472656 4.2916665077209472656 4.2916665077209472656 4.2916665077209472656 4.2916665077209472656 4.2916665077209472656 4.2916665077209472656 4.2916665077209472656 4.2916665077209472656 4.2916665077209472656 4.2916665077209472656 4.2916665077209472656 4.2916665077209472656 4.2916665077209472656 4.2916665077209472656 4.2916665077209472656 4.2916665077209472656 4.2916665077209472656 4.2916665077209472656 4.25 4.4166665077209472656 4.4166665077209472656 4.4166665077209472656 4.4166665077209472656 4.4166665077209472656 4.4166665077209472656 4.4166665077209472656
3.5416667461395263672 3.5416667461395263672 4.2916665077209472656 4.2916665077209472656 4.2916665077209472656 4.2916665077209472656 4.2916665077209472656 4.2916665077209472656 4.2916665077209472656 4.2916665077209472656 4.2916665077209472656 4.2916665077209472656 4.2916665077209472656 4.2916665077209472656 4.2916665077209472656 4.2916665077209472656 4.2916665077209472656 4.2916665077209472656 4.2916665077209472656 4.2916665077209472656 4.2916665077209472656 4.2916665077209472656 4.2916665077209472656 4.2916665077209472656 4.2916665077209472656 4.2916665077209472656 4.2916665077209472656 4.2916665077209472656 4.2916665077209472656 4.2916665077209472656 4.2916665077209472656 4.2916665077209472656 4.2916665077209472656 4.2916665077209472656 4.2916665077209472656 4.2916665077209472656 4.25 4.25 4.25 4.25 4.4166665077209472656 4.4166665077209472656 4.4166665077209472656 4.4166665077209472656 4.4166665077209472656
3.5416667461395263672 4.2916665077209472656 4.2916665077209472656 4.2916665077209472656 4.2916665077209472656 4.2916665077209472656 4.2916665077209472656 4.2916665077209472656 4.2916665077209472656 4.2916665077209472656 4.2916665077209472656 4.2916665077209472656 4.2916665077209472656 4.2916665077209472656 4.2916665077209472656 4.2916665077209472656 4.2916665077209472656 4.2916665077209472656 4.2916665077209472656 4.2916665077209472656 4.2916665077209472656 4.2916665077209472656 4.2916665077209472656 4.2916665077209472656 4.2916665077209472656 4.2916665077209472656 4.2916665077209472656 4.2916665077209472656 4.2916665077209472656 4.2916665077209472656 4.2916665077209472656 4.2916665077209472656 4.2916665077209472656 4.2916665077209472656 4.25 4.25 4.25 4.25 4.25 4.25 4.25 4.25 4.4166665077209472656 4.4166665077209472656 4.4166665077209472656
