Example_Dataset/contamination rasters/kriging2.asc
ncols        354
nrows        251
xllcorner    35034896.598640002310
yllcorner    54060096.598640002310
cellsize     6.802719999999
NODATA_value -3.4028234663852885981e+38
[rows 180 to 199 of 251, columns 180 to 224 of 354]
5.1661143302917480469 5.1553883552551269531 4.7641992568969726562 4.7813973426818847656 4.9161238670349121094 4.9166631698608398438 4.9166665077209472656 4.0833334922790527344 4.0833334922790527344 4.0833334922790527344 4.0833334922790527344 4.0833334922790527344 4.0833334922790527344 4.0833334922790527344 4.0833334922790527344 4.0833334922790527344 4.0833334922790527344 4.0833334922790527344 4.0833334922790527344 4.0833334922790527344 4.0833334922790527344 4.0833334922790527344 4.0833334922790527344 4.0833334922790527344 4.0833334922790527344 4.0833334922790527344 3.6666667461395263672 3.6666667461395263672 3.6666667461395263672 3.6666667461395263672 3.6666667461395263672 3.6666667461395263672 3.6666667461395263672 3.6666667461395263672 3.6666667461395263672 2.875 2.875 2.875 2.875 2.875 2.875 2.875 2.875 2.2083332538604736328 2.2083332538604736328
5.1660323143005371094 5.153720855712890625 4.7601380348205566406 4.7798790931701660156 4.9160437583923339844 4.9166622161865234375 4.9166665077209472656 4.9166665077209472656 4.0833334922790527344 4.0833334922790527344 4.0833334922790527344 4.0833334922790527344 4.0833334922790527344 4.0833334922790527344 4.0833334922790527344 4.0833334922790527344 4.0833334922790527344 4.0833334922790527344 4.0833334922790527344 4.0833334922790527344 4.0833334922790527344 4.0833334922790527344 4.0833334922790527344 4.0833334922790527344 4.0833334922790527344 3.6666667461395263672 3.6666667461395263672 3.6666667461395263672 3.6666667461395263672 3.6666667461395263672 3.6666667461395263672 3.6666667461395263672 3.6666667461395263672 3.6666667461395263672 3.6666667461395263672 2.875 2.875 2.875 2.875 2.875 2.875 2.875 2.875 2.875 2.2083332538604736328
5.1665682792663574219 4.7898936271667480469 4.7867689132690429688 4.7898354530334472656 4.7915740013122558594 4.9166660308837890625 4.9166665077209472656 4.9166665077209472656 4.9166665077209472656 4.0833334922790527344 4.0833334922790527344 4.0833334922790527344 4.0833334922790527344 4.0833334922790527344 4.0833334922790527344 4.0833334922790527344 4.0833334922790527344 4.0833334922790527344 4.0833334922790527344 4.0833334922790527344 4.0833334922790527344 4.0833334922790527344 4.0833334922790527344 4.0833334922790527344 3.6666667461395263672 3.6666667461395263672 3.25 3.25 3.25 3.25 3.25 3.6666667461395263672 3.6666667461395263672 3.6666667461395263672 3.6666667461395263672 2.875 2.875 2.875 2.875 2.875 2.875 2.875 2.875 2.875 2.2083332538604736328
4.7916650772094726562 4.7916293144226074219 4.7915635108947753906 4.7916283607482910156 4.7916646003723144531 4.9166665077209472656 4.9166665077209472656 4.9166665077209472656 4.9166665077209472656 4.9166665077209472656 4.0833334922790527344 4.0833334922790527344 4.0833334922790527344 4.0833334922790527344 4.0833334922790527344 4.0833334922790527344 4.0833334922790527344 4.0833334922790527344 4.0833334922790527344 4.0833334922790527344 4.0833334922790527344 4.0833334922790527344 4.0833334922790527344 3.6666667461395263672 3.6666667461395263672 3.6666667461395263672 3.6666667461395263672 3.25 3.25 3.25 3.25 3.25 3.25 3.25 3.25 2.875 2.875 2.875 2.875 2.875 2.875 2.875 2.875 2.875 2.875
4.75 4.7916665077209472656 4.7916665077209472656 4.7916665077209472656 4.7916665077209472656 4.7916665077209472656 4.9166665077209472656 4.9166665077209472656 4.9166665077209472656 4.9166665077209472656 4.0833334922790527344 4.0833334922790527344 4.0833334922790527344 4.0833334922790527344 4.0833334922790527344 4.0833334922790527344 4.0833334922790527344 4.0833334922790527344 4.0833334922790527344 4.0833334922790527344 4.0833334922790527344 4.0833334922790527344 3.6666667461395263672 3.6666667461395263672 3.6666667461395263672 3.6666667461395263672 3.6666667461395263672 3.6666667461395263672 3.25 3.25 3.25 3.25 3.25 3.25 3.25 3.25 2.875 2.875 2.875 2.875 2.875 2.875 2.875 2.875 2.875
4.75 4.75 4.7916665077209472656 4.7916665077209472656 4.7916665077209472656 4.7916665077209472656 3.7083332538604736328 3.7083332538604736328 3.7083332538604736328 3.7083332538604736328 3.7083332538604736328 3.6666667461395263672 4.0833334922790527344 4.0833334922790527344 4.0833334922790527344 4.0833334922790527344 4.0833334922790527344 4.0833334922790527344 4.0833334922790527344 4.0833334922790527344 4.0833334922790527344 3.6666667461395263672 3.6666667461395263672 3.6666667461395263672 3.6666667461395263672 3.6666667461395263672 3.6666667461395263672 3.6666667461395263672 3.25 3.25 3.25 3.25 3.25 3.25 3.25 3.25 2.875 2.875 2.875 2.875 2.875 2.875 2.875 2.875 2.875
4.75 4.75 4.75 4.7916665077209472656 4.7916665077209472656 4.7916665077209472656 4.7916665077209472656 3.7083332538604736328 3.7083332538604736328 3.7083332538604736328 3.6666667461395263672 3.6666667461395263672 3.6666667461395263672 3.6666667461395263672 3.6666667461395263672 3.6666667461395263672 3.6666667461395263672 4.0833334922790527344 4.0833334922790527344 4.0833334922790527344 3.6666667461395263672 3.6666667461395263672 3.6666667461395263672 3.6666667461395263672 3.6666667461395263672 3.6666667461395263672 3.6666667461395263672 3.6666667461395263672 3.6666667461395263672 3.25 3.25 3.25 3.25 3.25 3.25 3.25 2.875 2.875 2.875 2.875 2.875 2.875 2.875 2.875 2.875
4.75 4.75 4.75 4.75 4.7916665077209472656 4.7916665077209472656 3.5416667461395263672 3.7083332538604736328 3.6666667461395263672 3.6666667461395263672 3.6666667461395263672 3.6666667461395263672 3.6666667461395263672 3.6666667461395263672 3.6666667461395263672 3.6666667461395263672 3.6666667461395263672 3.6666667461395263672 3.6666667461395263672 3.6666667461395263672 3.6666667461395263672 3.6666667461395263672 3.6666667461395263672 3.6666667461395263672 3.6666667461395263672 3.6666667461395263672 3.6666667461395263672 3.6666667461395263672 3.6666667461395263672 3.6666667461395263672 3.25 3.25 3.25 3.25 3.25 3.25 3.25 2.875 2.875 2.875 2.875 2.875 2.875 2.4583332538604736328 2.4583332538604736328
4.75 4.75 4.75 4.75 4.75 3.5416667461395263672 3.5416667461395263672 3.5416667461395263672 3.6666667461395263672 3.6666667461395263672 3.6666667461395263672 3.6666667461395263672 3.6666667461395263672 3.6666667461395263672 3.6666667461395263672 3.6666667461395263672 3.6666667461395263672 3.6666667461395263672 3.6666667461395263672 3.6666667461395263672 3.6666667461395263672 3.6666667461395263672 3.6666667461395263672 3.6666667461395263672 3.6666667461395263672 3.6666667461395263672 3.6666667461395263672 3.6666667461395263672 3.6666667461395263672 3.6666667461395263672 3.25 3.25 3.25 3.25 3.25 3.25 3.25 2.875 2.875 2.875 2.875 2.875 2.4583332538604736328 2.4583332538604736328 2.4583332538604736328
4.75 4.75 4.75 4.75 4.75 3.5416667461395263672 3.5416667461395263672 3.5416667461395263672 3.5416667461395263672 3.6666667461395263672 3.6666667461395263672 3.6666667461395263672 3.6666667461395263672 3.6666667461395263672 3.6666667461395263672 3.6666667461395263672 3.6666667461395263672 3.6666667461395263672 3.6666667461395263672 3.6666667461395263672 3.6666667461395263672 3.6666667461395263672 3.6666667461395263672 3.6666667461395263672 3.6666667461395263672 3.6666667461395263672 3.6666667461395263672 3.6666667461395263672 3.6666667461395263672 3.6666667461395263672 3.6666667461395263672 3.25 3.25 3.25 3.25 3.25 3.25 2.875 2.875 2.875 2.4583332538604736328 2.4583332538604736328 2.4583332538604736328 2.4583332538604736328 2.4583332538604736328
4.75 4.75 4.75 4.75 4.75 3.5416667461395263672 3.5416667461395263672 3.5416667461395263672 3.5416667461395263672 3.6666667461395263672 3.6666667461395263672 3.6666667461395263672 3.6666667461395263672 3.6666667461395263672 3.6666667461395263672 3.6666667461395263672 3.6666667461395263672 3.6666667461395263672 3.6666667461395263672 3.6666667461395263672 3.6666667461395263672 3.6666667461395263672 3.6666667461395263672 2.8333332538604736328 2.8333332538604736328 2.8333332538604736328 2.8333332538604736328 2.8333332538604736328 2.8333332538604736328 2.8333332538604736328 2.8333332538604736328 2.8333332538604736328 2.8333332538604736328 2.8333332538604736328 2.8333332538604736328 2.8333332538604736328 3.25 2.875 2.875 2.4583332538604736328 2.4583332538604736328 2.4583332538604736328 2.4583332538604736328 2.4583332538604736328 2.4583332538604736328
4.75 4.75 4.75 4.75 4.75 3.5416667461395263672 3.5416667461395263672 3.5416667461395263672 3.5416667461395263672 3.5416667461395263672 3.6666667461395263672 3.6666667461395263672 3.6666667461395263672 3.6666667461395263672 3.6666667461395263672 3.6666667461395263672 3.6666667461395263672 3.6666667461395263672 3.6666667461395263672 3.6666667461395263672 3.6666667461395263672 2.8333332538604736328 2.8333332538604736328 2.8333332538604736328 2.8333332538604736328 2.8333332538604736328 2.8333332538604736328 2.8333332538604736328 2.8333332538604736328 2.8333332538604736328 2.8333332538604736328 2.8333332538604736328 2.8333332538604736328 2.8333332538604736328 2.8333332538604736328 2.8333332538604736328 2.8333332538604736328 2.875 2.875 2.4583332538604736328 2.4583332538604736328 2.4583332538604736328 2.4583332538604736328 2.4583332538604736328 2.4583332538604736328
4.75 4.75 4.75 4.75 4.75 3.5416667461395263672 3.5416667461395263672 3.5416667461395263672 3.5416667461395263672 3.5416667461395263672 3.6666667461395263672 3.6666667461395263672 3.6666667461395263672 3.6666667461395263672 3.6666667461395263672 3.6666667461395263672 3.6666667461395263672 3.6666667461395263672 3.6666667461395263672 3.6666667461395263672 3.6666667461395263672 2.8333332538604736328 2.8333332538604736328 2.8333332538604736328 2.8333332538604736328 2.8333332538604736328 2.8333332538604736328 2.8333332538604736328 2.8333332538604736328 2.8333332538604736328 2.8333332538604736328 2.8333332538604736328 2.8333332538604736328 2.8333332538604736328 2.8333332538604736328 2.8333332538604736328 2.8333332538604736328 2.8333332538604736328 2.8333332538604736328 2.4583332538604736328 2.4583332538604736328 2.4583332538604736328 2.4583332538604736328 2.4583332538604736328 2.4583332538604736328
4.75 4.75 4.75 4.75 3.5416667461395263672 3.5416667461395263672 3.5416667461395263672 3.5416667461395263672 3.5416667461395263672 3.5416667461395263672 3.5416667461395263672 3.6666667461395263672 3.6666667461395263672 3.6666667461395263672 3.6666667461395263672 3.6666667461395263672 3.6666665077209472656 3.6666624546051025391 3.6666467189788818359 3.6666538715362548828 2.8333325386047363281 2.8333332538604736328 2.8333332538604736328 2.8333332538604736328 2.8333332538604736328 2.8333332538604736328 2.8333332538604736328 2.8333332538604736328 2.8333332538604736328 2.8333332538604736328 2.8333332538604736328 2.8333332538604736328 2.8333332538604736328 2.8333332538604736328 2.8333332538604736328 2.8333332538604736328 2.8333332538604736328 2.8333332538604736328 2.4166667461395263672 2.4583332538604736328 2.4583332538604736328 2.4583332538604736328 2.4583332538604736328 2.4583332538604736328 2.4583332538604736328
4.75 4.75 4.75 4.75 3.5416667461395263672 3.5416667461395263672 3.5416667461395263672 3.5416667461395263672 3.5416667461395263672 3.5416667461395263672 3.5416667461395263672 3.6666667461395263672 3.6666667461395263672 3.6666667461395263672 3.6666667461395263672 3.6666665077209472656 3.6666557788848876953 3.6662857532501220703 3.6648502349853515625 3.6654944419860839844 2.8332579135894775391 2.8333325386047363281 2.8333332538604736328 2.8333332538604736328 2.8333332538604736328 2.8333332538604736328 2.8333332538604736328 2.8333332538604736328 2.8333332538604736328 2.8333332538604736328 2.8333332538604736328 2.8333332538604736328 2.8333332538604736328 2.8333332538604736328 2.8333332538604736328 2.8333332538604736328 2.8333332538604736328 2.4166667461395263672 2.4166667461395263672 2.4166667461395263672 2.4583332538604736328 2.4583332538604736328 2.4583332538604736328 2.4583332538604736328 2.4583332538604736328
4.75 4.75 4.75 4.75 3.5416667461395263672 3.5416667461395263672 3.5416667461395263672 3.5416667461395263672 3.5416667461395263672 3.5416667461395263672 3.5416667461395263672 3.5416667461395263672 3.6666667461395263672 3.6666667461395263672 3.6666667461395263672 3.6666662693023681641 3.6665329933166503906 3.661960601806640625 3.6442270278930664062 2.8226635456085205078 2.8324015140533447266 2.8333222866058349609 2.8333332538604736328 2.8333332538604736328 2.8333332538604736328 2.8333332538604736328 2.8333332538604736328 2.8333332538604736328 2.8333332538604736328 2.8333332538604736328 2.8333332538604736328 2.8333332538604736328 2.8333332538604736328 2.8333332538604736328 2.8333332538604736328 2.8333332538604736328 2.8333332538604736328 2.4166667461395263672 2.4166667461395263672 2.4166667461395263672 2.4166667461395263672 2.4583332538604736328 2.4583332538604736328 2.4583332538604736328 2.4583332538604736328
4.75 4.75 4.75 4.75 3.5416667461395263672 3.5416667461395263672 3.5416667461395263672 3.5416667461395263672 3.5416667461395263672 3.5416667461395263672 3.5416667461395263672 3.5416667461395263672 3.5416667461395263672 3.6666667461395263672 3.6666667461395263672 3.6666657924652099609 3.6664433479309082031 3.6587984561920166016 3.6291491985321044922 2.8154942989349365234 2.8317754268646240234 2.8333148956298828125 2.8333332538604736328 2.8333332538604736328 2.8333332538604736328 2.8333332538604736328 2.8333332538604736328 2.8333332538604736328 2.8333332538604736328 2.8333332538604736328 2.8333332538604736328 2.8333332538604736328 2.8333332538604736328 2.8333332538604736328 2.8333332538604736328 2.8333332538604736328 2.8333332538604736328 2.4166667461395263672 2.4166667461395263672 2.4166667461395263672 2.4166667461395263672 2.4166667461395263672 2.4583332538604736328 2.4583332538604736328 2.4583332538604736328
4.75 4.75 4.75 4.75 3.5416667461395263672 3.5416667461395263672 3.5416667461395263672 3.5416667461395263672 3.5416667461395263672 3.5416667461395263672 3.5416667461395263672 3.5416667461395263672 3.5416667461395263672 3.6666667461395263672 3.6666667461395263672 3.6666665077209472656 3.6666162014007568359 3.6648862361907958984 2.8270781040191650391 2.8292968273162841797 2.8329808712005615234 2.8333292007446289062 2.8333332538604736328 2.8333332538604736328 2.8333332538604736328 2.8333332538604736328 2.8333332538604736328 2.8333332538604736328 2.8333332538604736328 2.8333332538604736328 2.8333332538604736328 2.8333332538604736328 2.8333332538604736328 2.8333332538604736328 2.8333332538604736328 2.8333332538604736328 2.4166667461395263672 2.4166667461395263672 2.4166667461395263672 2.4166667461395263672 2.4166667461395263672 2.4166667461395263672 2.4166667461395263672 2.4583332538604736328 2.4583332538604736328
4.75 4.75 4.75 4.75 3.5416667461395263672 3.5416667461395263672 3.5416667461395263672 3.5416667461395263672 3.5416667461395263672 3.5416667461395263672 3.5416667461395263672 3.5416667461395263672 3.5416667461395263672 2.875 2.875 3.6666667461395263672 3.6666650772094726562 3.6666121482849121094 2.8331418037414550781 2.8332097530364990234 2.8333225250244140625 2.8333332538604736328 2.8333332538604736328 2.8333332538604736328 2.8333332538604736328 2.8333332538604736328 2.8333332538604736328 2.8333332538604736328 2.8333332538604736328 2.8333332538604736328 2.8333332538604736328 2.8333332538604736328 2.8333332538604736328 2.8333332538604736328 2.8333332538604736328 2.8333332538604736328 2.4166667461395263672 2.4166667461395263672 2.4166667461395263672 2.4166667461395263672 2.4166667461395263672 2.4166667461395263672 2.4166667461395263672 2.4166667461395263672 2.4583332538604736328
4.75 4.75 4.75 4.75 3.5416667461395263672 3.5416667461395263672 3.5416667461395263672 3.5416667461395263672 3.5416667461395263672 3.5416667461395263672 3.5416667461395263672 3.5416667461395263672 3.5416667461395263672 2.875 2.875 2.875 2.875 2.8333332538604736328 2.8333325386047363281 2.8333327770233154297 2.8333332538604736328 2.8333332538604736328 2.8333332538604736328 2.8333332538604736328 2.8333332538604736328 2.8333332538604736328 2.8333332538604736328 2.8333332538604736328 2.8333332538604736328 2.8333332538604736328 2.8333332538604736328 2.8333332538604736328 2.8333332538604736328 2.8333332538604736328 2.8333332538604736328 2.4166667461395263672 2.4166667461395263672 2.4166667461395263672 2.4166667461395263672 2.4166667461395263672 2.4166667461395263672 2.4166667461395263672 2.4166667461395263672 2.4166667461395263672 1.625
