Example_Dataset/contamination rasters/probe_idw.asc
NCOLS 300
NROWS 300
XLLCORNER 35034900
YLLCORNER 54060100
DX 8.0016667
DY 5.6689333
NODATA_VALUE -9999
[rows 0 to 25 of 300, columns 60 to 119 of 300]
2.4104762 2.446687 2.4757914 2.4992512 2.5180984 2.5330733 2.5447106 2.5533937 2.5593896 2.5628711 2.5639297 2.5625819 2.5587694 2.5523532 2.5431019 2.5306699 2.5145643 2.4940918 2.4682754 2.4357195 2.3943815 2.3411722 2.2712068 2.1763004 2.0416353 1.8373554 1.4930426 0.79410264 0.81965051 1.5061658 1.8468313 2.0497446 2.1838312 2.2784749 2.3483179 2.4014809 2.4428381 2.4755027 2.5015685 2.5225095 2.5394079 2.5530913 2.5642168 2.5733238 2.5808658 2.5872288 2.5927395 2.5976666 2.6022194 2.6065453 2.6107286 2.6147931 2.6187081 2.6223979 2.6257527 2.6286396 2.6309125 2.6324192 2.6330059 2.6325184
2.4135469 2.4493028 2.478072 2.5012768 2.5199259 2.5347456 2.546262 2.5548533 2.5607834 2.5642238 2.5652656 2.5639258 2.5601473 2.5537936 2.5446367 2.5323363 2.5164075 2.4961695 2.4706661 2.4385359 2.3977982 2.34548 2.2769359 2.1845279 2.0548837 1.8628665 1.5595221 1.1020624 1.1137278 1.5707638 1.8717355 2.062572 2.1915944 2.2836077 2.3518395 2.4038702 2.4443346 2.4762275 2.5015801 2.5218328 2.5380513 2.5510589 2.5615177 2.5699801 2.5769193 2.5827459 2.5878132 2.5924156 2.5967832 2.6010755 2.605379 2.6097083 2.6140145 2.6181967 2.6221169 2.6256142 2.6285172 2.6306527 2.6318508 2.631946
2.4190508 2.4537436 2.4817623 2.5044208 2.5226639 2.5371787 2.5484669 2.5568916 2.5627075 2.5660808 2.5671008 2.5657848 2.5620789 2.5558525 2.5468871 2.5348576 2.5193022 2.4995776 2.4747874 2.4436728 2.4044342 2.3544399 2.2897348 2.2042128 2.0883217 1.9279381 1.7108121 1.4878779 1.4924222 1.7186038 1.9354359 2.0952176 2.2106041 2.2956691 2.3599009 2.4093719 2.4480328 2.4785375 2.5027349 2.5219636 2.5372325 2.5493358 2.5589261 2.5665613 2.5727321 2.5778751 2.582375 2.5865572 2.5906776 2.5949112 2.5993461 2.6039846 2.6087528 2.6135168 2.6181024 2.6223136 2.6259485 2.6288095 2.6307093 2.6314711
2.426771 2.4598719 2.4867698 2.5086178 2.5262633 2.5403338 2.551293 2.5594801 2.5651352 2.5684163 2.569409 2.5681313 2.5645338 2.5584952 2.5498118 2.5381821 2.523181 2.5042223 2.4805026 2.4509174 2.4139354 2.3674142 2.3083444 2.2325697 2.1348292 2.0107725 1.867214 1.7517957 1.7541634 1.8724762 2.0167656 2.1407398 2.2381373 2.3134281 2.3718806 2.4176439 2.4537303 2.4823045 2.5049451 2.5228351 2.536893 2.5478627 2.5563749 2.5629866 2.5682054 2.5724979 2.5762868 2.5799377 2.58374 2.5878892 2.5924752 2.5974828 2.6028046 2.6082631 2.6136369 2.6186861 2.6231717 2.6268684 2.6295698 2.6310888
2.4363973 2.46749 2.4929624 2.5137747 2.5306556 2.5441575 2.5546964 2.5625809 2.5680321 2.5711969 2.5721564 2.5709293 2.5674721 2.5616751 2.5533543 2.5422382 2.5279481 2.50997 2.4876146 2.4599632 2.4257967 2.3835162 2.3310935 2.2661937 2.1869299 2.0945269 2.0002912 1.9349898 1.9364657 2.003985 2.0992188 2.1918282 2.2708669 2.3352546 2.3869188 2.4282019 2.4611384 2.4873469 2.5080891 2.5243586 2.5369594 2.5465691 2.553786 2.5591624 2.5632236 2.5664729 2.5693821 2.5723698 2.5757712 2.5798095 2.5845773 2.5900354 2.5960303 2.6023259 2.6086396 2.614676 2.6201517 2.6248093 2.6284229 2.6307961
2.4475641 2.4763603 2.500179 2.5197776 2.5357565 2.5485846 2.558624 2.5661481 2.5713561 2.5743822 2.5753021 2.5741353 2.5708451 2.5653357 2.5574455 2.5469377 2.5334863 2.5166573 2.4958855 2.4704476 2.4394391 2.4017775 2.3562892 2.3020326 2.239198 2.1711851 2.1080726 2.0682343 2.0692532 2.1107733 2.1748403 2.2431554 2.3058092 2.3595025 2.4040817 2.4404958 2.4699203 2.4934501 2.5120238 2.5264315 2.5373493 2.545377 2.5510736 2.5549838 2.5576539 2.5596338 2.5614604 2.5636244 2.566525 2.570425 2.5754209 2.5814398 2.5882647 2.5955797 2.6030219 2.6102258 2.6168547 2.6226157 2.6272631 2.6305936
2.4598896 2.4862265 2.5082416 2.5264988 2.5414702 2.5535402 2.5630142 2.5701286 2.5750588 2.5779256 2.5787987 2.5776987 2.5745966 2.5694114 2.5620059 2.5521802 2.5396633 2.5241031 2.5050575 2.48199 2.454282 2.4212874 2.3824861 2.337846 2.288575 2.2384051 2.194967 2.1691797 2.1699262 2.1970026 2.2412531 2.2917061 2.340776 2.3847718 2.422498 2.4539806 2.4797292 2.5003888 2.5165977 2.5289462 2.5379773 2.5442066 2.5481481 2.5503371 2.5513464 2.5517859 2.5522799 2.5534195 2.5556953 2.5594276 2.5647195 2.57145 2.5793124 2.5878815 2.5966878 2.6052776 2.613251 2.6202764 2.6260905 2.6304872
2.4730074 2.4968327 2.5169675 2.5338036 2.5476946 2.5589434 2.5678 2.5744638 2.5790865 2.5817751 2.5825935 2.5815635 2.5786642 2.57383 2.5669488 2.5578574 2.546339 2.5321199 2.5148719 2.494224 2.469796 2.4412782 2.4085965 2.3722274 2.3337244 2.2963968 2.2656881 2.2482123 2.2487812 2.2672592 2.2986237 2.3361611 2.3743996 2.410018 2.4414431 2.4681696 2.4902413 2.5079466 2.5216647 2.5317996 2.538763 2.5429823 2.5449211 2.5451039 2.5441353 2.5427025 2.5415482 2.5414051 2.5428964 2.5464287 2.5521153 2.5597654 2.568943 2.5790706 2.5895367 2.5997771 2.6093182 2.6177896 2.6249141 2.6304898
2.4865895 2.507939 2.5261791 2.5415579 2.554325 2.5647095 2.5729101 2.5790909 2.5833811 2.5858742 2.5866289 2.5856685 2.5829803 2.5785143 2.5721824 2.563857 2.5533715 2.5405234 2.5250838 2.5068189 2.4855338 2.4611562 2.433884 2.4044234 2.374316 2.3462469 2.3240222 2.3117551 2.3122042 2.3252673 2.3480093 2.3761989 2.4059575 2.4345458 2.4603691 2.4826643 2.5011773 2.5159323 2.5270947 2.5349019 2.5396388 2.5416404 2.5413134 2.5391667 2.5358411 2.5321217 2.5289109 2.5271424 2.5276366 2.5309311 2.5371563 2.5460161 2.5568847 2.5689689 2.5814675 2.5936786 2.605047 2.615166 2.6237541 2.6306238
2.5003577 2.5193311 2.5357111 2.5496322 2.5612578 2.5707533 2.5782713 2.5839445 2.5878811 2.5901628 2.5908437 2.5899488 2.5874737 2.5833834 2.5776126 2.5700661 2.5606222 2.5491398 2.5354719 2.519492 2.5011394 2.4804952 2.4579003 2.4341191 2.410524 2.3892028 2.372809 2.3639705 2.3643418 2.373837 2.3906427 2.4120032 2.4351636 2.4579479 2.4788985 2.4971636 2.5123149 2.5241899 2.5327832 2.5381852 2.5405577 2.5401377 2.5372635 2.5324179 2.526277 2.5197446 2.5139364 2.5100751 2.5092782 2.5122883 2.5192636 2.5297449 2.5428195 2.557385 2.5723859 2.5869535 2.6004473 2.6124349 2.622646 2.6309235
2.5140873 2.5308255 2.5454153 2.5579066 2.5683942 2.5769908 2.5838102 2.5889575 2.592523 2.5945781 2.5951733 2.5943361 2.5920702 2.5883546 2.5831446 2.5763739 2.5679592 2.5578097 2.5458429 2.5320112 2.516344 2.4990107 2.4804081 2.4612655 2.4427364 2.4264109 2.4141476 2.4076667 2.4079954 2.4150549 2.4276668 2.4439748 2.4619973 2.4800286 2.4967989 2.5114598 2.5234918 2.5326046 2.5386572 2.5416094 2.5415013 2.5384611 2.53274 2.524773 2.5152589 2.5052357 2.4960994 2.4894886 2.4869791 2.4896435 2.4976855 2.5103836 2.5263803 2.5441225 2.5622174 2.5796016 2.5955572 2.6096491 2.621644 2.631437
2.5276049 2.5422709 2.5551634 2.5662725 2.5756414 2.5833411 2.5894539 2.5940623 2.5972415 2.599055 2.599551 2.59876 2.5966936 2.5933438 2.5886844 2.5826734 2.5752592 2.5663907 2.5560329 2.5441926 2.5309539 2.5165276 2.5013127 2.4859585 2.4714034 2.4588454 2.449596 2.4448043 2.4451232 2.4504763 2.4600599 2.4725802 2.4865853 2.5007368 2.5139511 2.5254265 2.5346031 2.5411038 2.5446787 2.545168 2.5424873 2.5366391 2.5277574 2.5161905 2.5026252 2.4882321 2.4747617 2.4644527 2.459603 2.4618349 2.4714301 2.4872259 2.5071537 2.5289984 2.550927 2.5716672 2.5904541 2.6068927 2.620825 2.6322284
2.5407822 2.5535465 2.5648468 2.5746341 2.5829144 2.5897278 2.5951319 2.5991916 2.6019708 2.6035272 2.6039081 2.603148 2.6012661 2.5982666 2.594139 2.5888618 2.5824083 2.5747565 2.565905 2.5558939 2.5448356 2.5329505 2.520609 2.5083647 2.4969649 2.4873071 2.4803233 2.4767924 2.4771345 2.4812724 2.4886318 2.4982794 2.5091267 2.5201132 2.5303189 2.5390033 2.5455948 2.5496558 2.5508456 2.5488913 2.5435763 2.5347534 2.5223955 2.5067004 2.4882711 2.4683675 2.4491582 2.4337403 2.4255772 2.4272463 2.4391665 2.4593976 2.4846988 2.5118768 2.5385498 2.5632605 2.5852675 2.6042872 2.6202918 2.6333792
2.553529 2.5645591 2.5743764 2.5829084 2.5901368 2.5960794 2.6007762 2.6042793 2.6066447 2.6079269 2.6081742 2.6074257 2.6057087 2.6030381 2.5994173 2.594841 2.5893012 2.5827964 2.5753456 2.5670071 2.5579013 2.5482384 2.5383439 2.5286761 2.5198201 2.5124458 2.507218 2.5046694 2.5050692 2.5083376 2.5140449 2.5214941 2.529848 2.5382529 2.5459234 2.552181 2.5564554 2.5582653 2.5571904 2.5528474 2.5448766 2.5329504 2.516822 2.496444 2.4722044 2.445327 2.4184003 2.3957167 2.3826624 2.3835586 2.3990806 2.4258386 2.4585954 2.492728 2.525236 2.5545842 2.5801925 2.6019974 2.6201749 2.6349882
2.5657857 2.5752392 2.5836802 2.5910249 2.5972403 2.6023299 2.606322 2.6092605 2.611197 2.6121856 2.6122774 2.6115172 2.6099406 2.6075729 2.6044291 2.6005165 2.5958404 2.5904119 2.5842608 2.5774502 2.5700959 2.5623849 2.5545918 2.5470857 2.5403184 2.5347866 2.5309648 2.5292169 2.529711 2.5323639 2.5368393 2.542598 2.5489784 2.5552797 2.5608238 2.5649874 2.5672073 2.5669677 2.5637767 2.5571411 2.5465461 2.5314504 2.5113172 2.4857244 2.4546343 2.4189598 2.381534 2.3481973 2.3275606 2.3273212 2.3486678 2.3853263 2.4285566 2.4717284 2.5113103 2.5459633 2.5755019 2.6002355 2.6206326 2.6371706
2.5775165 2.5855371 2.592702 2.5989247 2.604165 2.6084188 2.6117078 2.6140719 2.6155619 2.6162339 2.6161439 2.6153442 2.6138793 2.6117843 2.6090842 2.6057963 2.601934 2.5975149 2.5925708 2.587161 2.5813866 2.5754047 2.5694377 2.5637749 2.558759 2.5547546 2.5520977 2.5510342 2.551662 2.5538942 2.5574561 2.5619159 2.5667363 2.5713296 2.5751016 2.5774757 2.5778974 2.5758224 2.5706932 2.5619087 2.5487898 2.5305511 2.5062931 2.4750637 2.4360982 2.3894917 2.3377359 2.2883126 2.2552256 2.2531694 2.2844642 2.3366302 2.3946566 2.4494097 2.4973448 2.5378713 2.571552 2.5992588 2.6218471 2.6400537
2.5887043 2.5954192 2.6013987 2.606559 2.6108587 2.614291 2.6168756 2.618652 2.6196735 2.620001 2.6196982 2.6188261 2.6174394 2.6155832 2.6132917 2.6105893 2.6074938 2.6040236 2.6002062 2.5960897 2.5917544 2.5873232 2.5829679 2.5789075 2.5753955 2.5726947 2.5710387 2.5705886 2.5713924 2.5733596 2.576257 2.5797276 2.583323 2.5865399 2.5888497 2.5897145 2.5885885 2.5849044 2.5780461 2.5673094 2.5518503 2.5306206 2.5022995 2.4652513 2.417618 2.3578855 2.2868335 2.212558 2.1575988 2.1523084 2.2018217 2.2790114 2.3577538 2.4268605 2.4842253 2.530943 2.5687777 2.5993613 2.6240171 2.6437718
2.5993452 2.604865 2.6097384 2.6138885 2.6172765 2.6198968 2.6217706 2.6229408 2.623466 2.6234151 2.6228617 2.6218784 2.6205315 2.6188769 2.6169574 2.6148028 2.6124322 2.6098599 2.6071037 2.6041947 2.6011877 2.5981697 2.595264 2.5926279 2.5904418 2.5888884 2.5881247 2.5882495 2.5892747 2.5911063 2.5935401 2.5962723 2.5989197 2.6010426 2.6021643 2.6017795 2.5993519 2.5942967 2.5859488 2.573513 2.5559908 2.5320754 2.5000029 2.4573522 2.4008373 2.3263558 2.2304864 2.1177331 2.0212786 2.0093712 2.0953339 2.2135393 2.320158 2.4059259 2.4731783 2.5259551 2.567669 2.6008556 2.6273447 2.6484571
2.6094456 2.613864 2.6176989 2.6208819 2.6233799 2.6251912 2.6263414 2.6268797 2.6268733 2.626402 2.6255526 2.624412 2.6230607 2.6215668 2.6199822 2.6183407 2.6166599 2.6149459 2.6132019 2.6114374 2.609678 2.6079731 2.6064001 2.6050617 2.6040774 2.6035667 2.6036278 2.6043131 2.6056078 2.6074153 2.6095525 2.6117545 2.6136871 2.6149602 2.6151389 2.613747 2.6102592 2.6040812 2.5945117 2.5806836 2.5614704 2.5353411 2.5001263 2.4526344 2.3880226 2.2988506 2.1743543 2.005165 1.8239082 1.7956051 1.962621 2.145922 2.2863796 2.3892655 2.4656989 2.5237597 2.5687264 2.6040453 2.6320194 2.6542301
2.6190191 2.622414 2.6252657 2.6275154 2.6291367 2.6301338 2.6305396 2.6304116 2.6298286 2.6288851 2.6276844 2.6263316 2.6249246 2.6235464 2.622259 2.6210997 2.6200821 2.6192005 2.6184386 2.6177795 2.6172159 2.6167588 2.616441 2.6163167 2.6164537 2.6169206 2.6177701 2.6190195 2.6206345 2.622517 2.6244998 2.6263483 2.6277662 2.6284033 2.6278606 2.6256887 2.6213771 2.6143311 2.6038304 2.5889622 2.5685141 2.5407978 2.5033477 2.4523803 2.3817618 2.2809161 2.1304007 1.8938363 1.5387874 1.4575558 1.8208983 2.0904239 2.2632143 2.3800311 2.4633303 2.5251631 2.5723969 2.6091907 2.6381984 2.6611886
2.628085 2.6305196 2.6324316 2.6337714 2.6345201 2.6346892 2.6343197 2.6334803 2.6322643 2.6307842 2.6291647 2.6275334 2.6260106 2.6246979 2.6236694 2.6229662 2.6225956 2.6225362 2.6227469 2.6231793 2.6237893 2.6245471 2.6254425 2.626485 2.6276982 2.6291091 2.6307346 2.6325657 2.6345542 2.6366016 2.6385543 2.6402018 2.6412791 2.6414698 2.6404068 2.6376675 2.6327614 2.6251043 2.6139759 2.5984504 2.577283 2.5487213 2.5101747 2.4576021 2.3842862 2.2781354 2.114921 1.8379424 1.2772937 1.0463344 1.74244 2.0688436 2.2578744 2.3810136 2.467306 2.5307704 2.5790021 2.6164735 2.6459892 2.6693975
2.6366663 2.6381906 2.6391951 2.6396386 2.6395093 2.6388261 2.6376395 2.6360311 2.6341113 2.632015 2.6298933 2.627903 2.6261927 2.6248882 2.6240794 2.6238119 2.6240847 2.6248556 2.6260529 2.62759 2.6293811 2.6313527 2.6334516 2.6356455 2.6379194 2.6402662 2.6426744 2.6451158 2.6475325 2.649828 2.6518606 2.6534408 2.6543307 2.6542439 2.6528434 2.6497352 2.6444539 2.6364378 2.6249872 2.6091974 2.5878504 2.5592343 2.5208327 2.4687566 2.3966428 2.2933471 2.1377385 1.8869715 1.4783484 1.3726943 1.8066767 2.0952149 2.2741246 2.3935332 2.4781801 2.5408453 2.5886794 2.6259696 2.6554352 2.6788819
2.6447895 2.6454418 2.6455606 2.6451117 2.6440891 2.6425187 2.6404606 2.6380105 2.635299 2.6324878 2.6297609 2.6273122 2.6253274 2.6239643 2.6233342 2.6234886 2.624416 2.6260473 2.628272 2.6309574 2.6339685 2.6371845 2.6405076 2.6438662 2.6472108 2.650506 2.653719 2.6568076 2.6597088 2.6623298 2.6645409 2.6661722 2.6670102 2.6667969 2.6652249 2.6619306 2.6564801 2.6483454 2.636867 2.6211942 2.6001907 2.5722832 2.5352112 2.4856025 2.4182424 2.3248571 2.1926299 2.0070856 1.7954282 1.7601621 1.957859 2.1604665 2.3096588 2.4168156 2.4956396 2.5552428 2.6013537 2.6376364 2.6665098 2.6896235
2.6524837 2.652292 2.6515379 2.6501913 2.6482504 2.6457463 2.6427483 2.6393669 2.6357552 2.6321067 2.6286463 2.6256153 2.6232485 2.6217469 2.621251 2.6218216 2.623433 2.6259816 2.6293068 2.6332181 2.6375227 2.6420461 2.6466441 2.6512068 2.6556543 2.6599282 2.66398 2.6677591 2.6712015 2.6742203 2.676699 2.6784864 2.6793929 2.6791876 2.6775934 2.6742795 2.6688489 2.6608174 2.6495826 2.6343745 2.6141834 2.5876484 2.5528918 2.5072803 2.4471288 2.3675659 2.2637323 2.1382192 2.02646 2.0118256 2.1112791 2.2428842 2.3577876 2.4483756 2.5186145 2.5734468 2.6167528 2.6513192 2.6791191 2.701562
2.6597803 2.6587644 2.6571421 2.6548844 2.6519907 2.648495 2.6444737 2.6400517 2.6354067 2.6307691 2.6264143 2.6226448 2.6197604 2.6180216 2.6176103 2.6186007 2.6209492 2.6245054 2.6290431 2.6342988 2.6400089 2.6459373 2.6518906 2.6577215 2.6633237 2.6686212 2.6735556 2.6780732 2.682113 2.6855972 2.6884237 2.6904604 2.6915416 2.6914634 2.6899797 2.6867949 2.6815533 2.6738225 2.6630692 2.6486238 2.6296312 2.6049842 2.5732432 2.5325665 2.4807536 2.4157467 2.3376215 2.2543024 2.1909967 2.1842345 2.2402844 2.3259693 2.4113822 2.4850735 2.5456151 2.5946939 2.6344576 2.6667737 2.6931132 2.7146007
2.6667132 2.6648864 2.6623942 2.6592051 2.6553155 2.6507587 2.6456147 2.6400209 2.6341801 2.6283652 2.6229132 2.6182053 2.6146294 2.6125283 2.6121433 2.6135693 2.6167381 2.6214359 2.627348 2.6341155 2.6413874 2.6488561 2.6562754 2.6634624 2.6702886 2.6766667 2.6825347 2.6878414 2.6925334 2.6965453 2.6997912 2.7021596 2.7035085 2.7036617 2.7024048 2.6994789 2.694573 2.6873114 2.6772376 2.6637922 2.646286 2.6238743 2.5955451 2.5601687 2.5167257 2.464995 2.4072454 2.3513531 2.3131578 2.3100506 2.3447556 2.402271 2.4653245 2.5240769 2.5751069 2.6181292 2.6539718 2.6836993 2.7083024 2.7286154
