Example_Dataset/contamination rasters/probe_idw2.asc
NCOLS 300
NROWS 300
XLLCORNER 35034900
YLLCORNER 54060100
DX 8.0016667
DY 5.6689333
NODATA_VALUE -9999
[rows 260 to 285 of 300, columns 0 to 59 of 300]
1.6767076 1.6325177 1.5929228 1.5603125 1.5375629 1.5278182 1.5341304 1.5590183 1.6040531 1.6695999 1.7547938 1.8577521 1.9759356 2.1065427 2.246835 2.3943451 2.546967 2.7029605 2.8609061 3.0196443 3.1782181 3.3358293 3.4918089 3.645601 3.7967561 3.944929 4.0898806 4.2314793 4.3697023 4.5046352 4.6364693 4.7654965 4.8921002 5.0167434 5.1399504 5.2622845 5.3843191 5.5066042 5.6296285 5.75378 5.8793066 6.0062815 6.1345738 6.2638287 6.3934569 6.522634 6.650309 6.77522 6.8959178 7.0107933 7.1181095 7.2160354 7.3026806 7.3761273 7.4344561 7.4757582 7.4981225 7.4995825 7.4780058 7.4309077
1.751668 1.7147389 1.6827815 1.6578728 1.6424336 1.6390451 1.6501697 1.6778217 1.7232661 1.7868273 1.8678659 1.9649203 2.0759632 2.1986922 2.3307849 2.4700773 2.6146578 2.7628946 2.9134186 3.0650881 3.2169486 3.3682 3.5181722 3.6663102 3.8121654 3.9553932 4.0957511 4.2330991 4.3673988 4.4987117 4.627195 4.7530957 4.8767409 4.9985254 5.1188946 5.2383233 5.3572901 5.4762481 5.5955928 5.7156279 5.8365334 5.958336 6.0808845 6.203833 6.3266308 6.4485208 6.5685458 6.6855602 6.7982488 6.9051488 7.0046752 7.0951474 7.1748152 7.2418813 7.2945155 7.3308546 7.3489784 7.3468498 7.322207 7.272394
1.8234192 1.7931718 1.7681236 1.7500683 1.741039 1.7431572 1.7584163 1.7884352 1.8342365 1.8961043 1.9735617 2.0654658 2.1701902 2.2858395 2.4104474 2.5421264 2.6791581 2.8200323 2.9634492 3.1083024 3.2536537 3.39871 3.5428043 3.6853829 3.8259976 3.9643016 4.1000466 4.233082 4.3633525 4.4908949 4.615834 4.7383749 4.858794 4.977426 5.0946479 5.21086 5.3264624 5.4418293 5.5572813 5.6730569 5.7892847 5.9059585 6.0229164 6.139826 6.256175 6.3712687 6.4842337 6.5940274 6.6994516 6.7991702 6.8917289 6.9755757 7.04908 7.1105471 7.1582246 7.1902946 7.2048436 7.1998024 7.1728454 7.1212429
1.8913432 1.8672028 1.8483777 1.8364081 1.8329991 1.8398963 1.8587186 1.8907727 1.9368877 1.9973093 2.0716776 2.1590918 2.2582392 2.3675542 2.4853718 2.6100508 2.7400564 2.8740042 3.0106747 3.1490088 3.2880953 3.4271555 3.5655301 3.7026686 3.8381233 3.9715441 4.102676 4.2313564 4.3575126 4.4811577 4.6023856 4.7213635 4.8383222 4.9535441 5.0673484 5.1800726 5.2920527 5.4035996 5.5149759 5.6263703 5.7378746 5.8494618 5.9609679 6.0720787 6.1823205 6.2910572 6.397492 6.5006736 6.5995067 6.6927656 6.7791089 6.8570954 6.9251974 6.9818102 7.0252525 7.0537548 7.0654281 7.058207 7.0297605 6.9773671
1.9549044 1.9363164 1.9230792 1.9165097 1.9180353 1.9290938 1.9510031 1.9848211 2.0312216 2.0904138 2.162122 2.2456288 2.3398673 2.4435383 2.5552292 2.6735144 2.7970284 2.9245102 3.054825 3.186969 3.3200654 3.4533559 3.5861929 3.7180316 3.8484253 3.977021 4.1035562 4.2278567 4.3498324 4.4694741 4.586847 4.702084 4.8153762 4.926961 5.0371085 5.146105 5.2542348 5.3617597 5.4688982 5.5758037 5.6825436 5.789081 5.8952579 6.0007826 6.1052217 6.2079949 6.3083757 6.4054952 6.4983492 6.5858083 6.6666295 6.7394676 6.8028845 6.8553557 6.8952673 6.9209031 6.9304153 6.9217739 6.8926914 6.8405208
2.013635 2.0000742 1.9918454 1.9900697 1.99594 2.0106403 2.0352452 2.0706123 2.1172889 2.1754498 2.244879 2.3249984 2.4149328 2.5135976 2.6197901 2.7322708 2.8498264 2.9713131 3.0956811 3.2219853 3.3493879 3.4771557 3.6046561 3.7313524 3.8568 3.9806434 4.1026135 4.2225243 4.3402699 4.4558197 4.5692134 4.6805534 4.789996 4.8977406 5.0040168 5.1090698 5.2131435 5.316463 5.4192153 5.521531 5.6234651 5.7249803 5.8259321 5.9260568 6.0249623 6.1221231 6.2168785 6.3084344 6.395868 6.4781348 6.5540773 6.6224338 6.6818454 6.7308594 6.7679268 6.7913896 6.7994554 6.7901554 6.7612839 6.7103193
2.0671215 2.0580976 2.0543541 2.0568412 2.066553 2.0844636 2.1114483 2.148202 2.1951673 2.2524859 2.3199832 2.3971856 2.4833679 2.5776171 2.6789038 2.7861471 2.8982687 3.0142326 3.1330709 3.2538981 3.3759179 3.498425 3.6208043 3.7425289 3.863158 3.9823348 4.0997838 4.2153085 4.328788 4.4401728 4.5494793 4.6567833 4.7622116 4.8659317 4.9681407 5.0690515 5.1688783 5.2678201 5.3660446 5.4636705 5.5607511 5.6572584 5.753069 5.8479518 5.941559 6.0334193 6.1229348 6.2093803 6.2919061 6.3695428 6.4412077 6.5057117 6.5617651 6.6079807 6.6428715 6.6648408 6.6721625 6.6629483 6.6351022 6.5862637
2.1149916 2.1100515 2.1103253 2.1166141 2.1297433 2.1505112 2.1796287 2.2176557 2.2649462 2.3216103 2.3874997 2.4622189 2.5451582 2.6355417 2.7324817 2.8350311 2.9422294 3.053138 3.1668655 3.2825847 3.3995412 3.5170593 3.6345431 3.7514772 3.8674257 3.9820314 4.0950137 4.2061667 4.3153558 4.4225144 4.5276387 4.6307815 4.7320444 4.8315694 4.9295279 5.026109 5.1215061 5.2159029 5.3094578 5.4022888 5.4944573 5.5859538 5.6766835 5.7664539 5.8549646 5.9417993 6.0264208 6.1081685 6.186259 6.2597894 6.3277421 6.3889907 6.4423058 6.4863586 6.5197206 6.5408576 6.5481163 6.5397013 6.5136444 6.4677675
2.1569024 2.1556304 2.1595063 2.1692009 2.1853949 2.2087383 2.2398037 2.2790372 2.3267162 2.3829187 2.4475111 2.5201543 2.6003268 2.6873607 2.7804833 2.8788594 2.9816295 3.0879413 3.1969742 3.3079555 3.4201725 3.5329791 3.6457998 3.7581316 3.869545 3.979683 4.0882612 4.1950652 4.2999486 4.4028296 4.5036866 4.6025526 4.6995089 4.7946769 4.888209 4.9802778 5.0710649 5.1607476 5.2494853 5.3374049 5.4245865 5.5110478 5.5967308 5.6814878 5.7650701 5.8471182 5.927155 6.0045811 6.0786738 6.1485891 6.2133652 6.2719293 6.323103 6.3656084 6.3980704 6.4190155 6.4268654 6.4199236 6.3963583 6.3541829
2.1925297 2.1945473 2.2016597 2.2144239 2.2333955 2.2590974 2.2919837 2.3324021 2.3805612 2.436506 2.5001073 2.5710646 2.6489222 2.733096 2.8229054 2.9176075 3.0164286 3.118592 3.2233403 3.3299519 3.4377536 3.5461288 3.6545225 3.7624451 3.8694737 3.9752532 4.0794959 4.1819802 4.2825494 4.3811081 4.4776194 4.5720998 4.6646139 4.7552674 4.8441995 4.9315733 5.0175663 5.1023582 5.1861188 5.2689942 5.3510923 5.4324681 5.5131088 5.5929186 5.671706 5.7491715 5.8248982 5.8983458 5.9688477 6.0356114 6.0977228 6.1541525 6.2037636 6.2453203 6.2774937 6.2988664 6.3079328 6.3030952 6.2826585 6.2448264
2.2215596 2.226523 2.236553 2.252106 2.2736283 2.3015317 2.3361663 2.3777921 2.4265535 2.4824604 2.5453788 2.6150315 2.6910099 2.7727932 2.8597735 2.9512828 3.0466192 3.1450712 3.2459374 3.3485431 3.452252 3.5564759 3.6606801 3.7643887 3.8671862 3.9687198 4.0686997 4.1668981 4.2631489 4.3573452 4.4494367 4.5394259 4.6273643 4.713346 4.7975022 4.8799928 4.9609984 5.0407094 5.1193152 5.1969906 5.2738817 5.3500909 5.4256597 5.5005531 5.5746431 5.6476943 5.7193521 5.7891342 5.8564257 5.9204793 5.9804192 6.0352495 6.0838642 6.1250585 6.1575408 6.1799418 6.190822 6.188677 6.1719423 6.1390017
2.2436802 2.2512785 2.2639501 2.2820627 2.305965 2.3359693 2.3723318 2.4152314 2.4647503 2.5208597 2.5834119 2.6521399 2.7266659 2.806515 2.891135 2.9799177 3.0722205 3.1673873 3.264766 3.3637238 3.4636588 3.5640094 3.6642611 3.7639513 3.8626727 3.9600751 4.0558672 4.149816 4.241747 4.3315431 4.4191421 4.5045351 4.5877628 4.6689118 4.7481096 4.8255186 4.901329 4.9757499 5.0489991 5.1212901 5.192818 5.263743 5.3341722 5.4041405 5.4735918 5.542361 5.6101587 5.6765603 5.7409992 5.8027664 5.8610156 5.9147727 5.9629499 6.0043618 6.0377414 6.0617565 6.0750236 6.0761213 6.0636039 6.0360193
2.2585756 2.2685279 2.2836057 2.3040967 2.3302611 2.3623198 2.4004411 2.4447255 2.4951925 2.5517698 2.6142869 2.6824752 2.7559731 2.8343368 2.917055 3.0035659 3.0932751 3.1855732 3.2798506 3.375512 3.471987 3.5687392 3.6652732 3.7611398 3.8559397 3.949326 4.041006 4.1307425 4.2183532 4.3037114 4.3867448 4.4674342 4.5458122 4.6219604 4.6960066 4.7681206 4.8385084 4.9074053 4.9750661 5.0417536 5.1077228 5.173204 5.2383817 5.3033726 5.3682025 5.4327841 5.496898 5.5601781 5.6221031 5.6819955 5.7390279 5.7922356 5.8405349 5.8827442 5.9176067 5.9438129 5.9600218 5.9648809 5.9570474 5.9352128
2.2659213 2.2779738 2.2952596 2.3179935 2.346353 2.3804723 2.4204339 2.4662601 2.5179041 2.5752437 2.6380769 2.7061214 2.7790192 2.8563441 2.9376128 3.0222987 3.1098456 3.1996825 3.2912371 3.3839469 3.4772704 3.5706946 3.6637426 3.7559781 3.8470096 3.9364939 4.0241374 4.1096983 4.1929874 4.2738689 4.3522608 4.428135 4.5015171 4.5724861 4.6411733 4.7077597 4.7724729 4.8355814 4.8973863 4.9582095 5.0183788 5.0782077 5.1379722 5.1978844 5.2580644 5.3185128 5.3790863 5.4394796 5.4992139 5.5576359 5.6139257 5.6671132 5.7161018 5.7596964 5.7966324 5.8256059 5.8453013 5.8544181 5.8516973 5.8359512
2.2653805 2.279304 2.2986344 2.3235189 2.3540561 2.3902943 2.4322294 2.4798019 2.5328933 2.5913233 2.6548481 2.723161 2.7958955 2.8726308 2.9529007 3.0362034 3.1220124 3.2097888 3.2989915 3.3890878 3.4795622 3.5699239 3.6597133 3.7485068 3.8359208 3.9216152 4.0052959 4.0867166 4.165681 4.2420443 4.3157147 4.3866556 4.4548865 4.520485 4.5835879 4.6443911 4.7031486 4.7601687 4.8158075 4.8704578 4.9245329 4.9784447 5.0325772 5.0872542 5.1427053 5.1990315 5.2561744 5.3138925 5.3717475 5.4291022 5.4851308 5.5388408 5.5891033 5.6346881 5.6743024 5.7066273 5.7303533 5.744212 5.7470077 5.7376496
2.2566032 2.2721898 2.293434 2.320419 2.353165 2.391633 2.4357278 2.4853014 2.5401551 2.6000407 2.6646622 2.7336766 2.8066977 2.8832997 2.963023 3.045382 3.1298731 3.2159832 3.3031984 3.3910125 3.478934 3.5664931 3.6532466 3.7387832 3.8227271 3.9047412 3.9845305 4.061844 4.1364778 4.2082775 4.2771412 4.3430231 4.4059364 4.4659579 4.5232309 4.5779686 4.6304555 4.6810462 4.7301606 4.7782738 4.8258994 4.8735652 4.9217818 4.9710046 5.0215913 5.0737591 5.1275456 5.1827785 5.2390575 5.2957526 5.3520171 5.4068158 5.4589636 5.5071714 5.5500931 5.5863718 5.6146818 5.6337659 5.6424698 5.6397756
2.2392269 2.2562872 2.2793448 2.308421 2.3434561 2.3843183 2.4308137 2.482696 2.5396749 2.6014229 2.6675791 2.7377533 2.8115283 2.888463 2.9680964 3.0499516 3.1335415 3.2183743 3.3039602 3.3898167 3.4754752 3.5604853 3.6444202 3.7268805 3.8074977 3.8859379 3.9619043 4.0351407 4.1054346 4.1726211 4.2365869 4.2972754 4.3546928 4.4089137 4.4600885 4.5084488 4.5543128 4.5980871 4.6402641 4.6814137 4.7221656 4.763183 4.8051258 4.8486044 4.8941277 4.9420488 4.9925157 5.0454322 5.1004347 5.1568899 5.2139119 5.2703989 5.3250823 5.3765847 5.4234786 5.4643427 5.4978106 5.5226139 5.537618 5.541855
2.2128799 2.2312399 2.2560393 2.2872378 2.3246914 2.3681674 2.4173615 2.4719157 2.5314344 2.5954959 2.6636619 2.7354823 2.8104985 2.8882452 2.9682519 3.0500446 3.1331478 3.2170881 3.3013966 3.3856136 3.4692918 3.5520002 3.633328 3.7128874 3.7903172 3.865286 3.9374948 4.0066811 4.0726226 4.1351418 4.1941121 4.2494642 4.3011943 4.3493736 4.3941577 4.4357969 4.4746451 4.5111655 4.5459318 4.5796212 4.6129975 4.6468816 4.6821086 4.7194726 4.7596615 4.8031895 4.8503334 4.9010822 4.9551081 5.0117622 5.0700982 5.1289186 5.1868387 5.2423589 5.2939376 5.340059 5.3792902 5.410328 5.4320362 5.4434762
2.1771883 2.1966863 2.2231826 2.2565744 2.2966263 2.3429925 2.395243 2.4528912 2.5154182 2.5822924 2.6529826 2.7269664 2.8037333 2.8827853 2.9636362 3.04581 3.1288397 3.2122675 3.2956446 3.3785329 3.4605064 3.5411535 3.6200793 3.6969078 3.7712849 3.842881 3.9113942 3.9765544 4.0381276 4.0959215 4.149793 4.199657 4.2454963 4.2873749 4.3254512 4.3599925 4.3913889 4.420164 4.4469805 4.4726365 4.4980489 4.5242218 4.5521964 4.5829842 4.6174869 4.6564105 4.7001839 4.7488943 4.8022483 4.8595679 4.9198202 4.9816776 5.0436001 5.1039258 5.1609617 5.2130643 5.2587057 5.2965246 5.325363 5.3442929
2.1317864 2.1522701 2.1804437 2.2161392 2.2590202 2.3086116 2.3643382 2.4255634 2.4916241 2.5618595 2.6356295 2.7123258 2.7913757 2.8722413 2.9544151 3.0374158 3.120783 3.2040735 3.2868582 3.368721 3.4492577 3.5280764 3.6047986 3.6790603 3.7505144 3.8188328 3.8837095 3.9448651 4.0020515 4.0550587 4.1037236 4.1479404 4.187674 4.2229764 4.2540038 4.2810372 4.3045017 4.3249835 4.3432414 4.3602077 4.3769733 4.3947542 4.4148333 4.4384806 4.4668536 4.5008885 4.5411964 4.5879783 4.6409756 4.6994641 4.7622929 4.8279631 4.8947321 4.9607293 5.0240669 5.0829368 5.1356865 5.1808729 5.2172975 5.2440277
2.076332 2.0976553 2.1275099 2.1656589 2.2116513 2.264863 2.324549 2.3898966 2.4600744 2.5342699 2.6117163 2.6917057 2.7735933 2.8567943 2.9407765 3.025051 3.1091634 3.1926855 3.275209 3.3563408 3.4356997 3.5129146 3.5876244 3.6594775 3.7281336 3.7932656 3.8545623 3.911733 3.9645128 4.0126703 4.0560175 4.0944228 4.1278269 4.1562628 4.1798783 4.1989625 4.2139716 4.2255549 4.234573 4.2421052 4.2494389 4.2580341 4.269457 4.2852848 4.3069818 4.3357625 4.372457 4.4174015 4.4703728 4.53058 4.5967166 4.6670617 4.7396146 4.8122403 4.8828074 4.9493026 5.0099171 5.0631031 5.1076057 5.1424753
2.0105282 2.0325479 2.0641087 2.104899 2.1543368 2.2116242 2.2758167 2.345895 2.4208301 2.4996339 2.5813928 2.6652852 2.7505848 2.8366544 2.9229344 3.008928 3.0941877 3.1783023 3.2608862 3.3415713 3.4200016 3.4958284 3.568709 3.6383051 3.7042834 3.7663172 3.8240887 3.8772936 3.9256471 3.9688919 4.0068101 4.0392373 4.0660824 4.0873509 4.1031736 4.113839 4.119829 4.121853 4.1208772 4.1181404 4.1151496 4.113644 4.1155216 4.1227238 4.1370842 4.1601542 4.19303 4.2362095 4.2895063 4.3520391 4.422299 4.4982821 4.5776627 4.6579774 4.7367947 4.8118515 4.8811505 4.9430176 4.9961275 5.0395065
1.9341507 1.9567237 1.9900349 2.0336908 2.0869584 2.148836 2.2181444 2.2936219 2.374009 2.4581143 2.5448569 2.633287 2.7225879 2.8120659 2.9011328 2.9892857 3.0760862 3.1611432 3.2440969 3.3246077 3.4023471 3.4769913 3.5482176 3.6157017 3.6791177 3.7381387 3.7924388 3.8416979 3.8856075 3.9238798 3.9562604 3.9825447 4.0026004 4.0163953 4.0240318 4.0257873 4.0221595 4.0139126 4.0021193 3.9881885 3.9738703 3.9612221 3.9525275 3.9501604 3.9563981 3.973201 4.0019897 4.0434579 4.0974587 4.1629908 4.2382863 4.3209849 4.408356 4.4975328 4.58572 4.6703568 4.7492242 4.8205021 4.8827853 4.935072
1.8470839 1.8700643 1.905186 1.9519653 2.0094942 2.0765317 2.1516232 2.2332231 2.3198046 2.4099431 2.5023683 2.5959879 2.6898872 2.7833133 2.8756505 2.9663921 3.0551136 3.1414481 3.2250663 3.3056607 3.382934 3.4565897 3.526327 3.5918372 3.6528019 3.7088934 3.7597765 3.8051123 3.8445651 3.8778111 3.9045525 3.9245359 3.9375772 3.9435941 3.942647 3.9349882 3.9211185 3.9018474 3.8783511 3.8522169 3.8254606 3.8004991 3.7800631 3.767037 3.7642309 3.7741023 3.798468 3.83826 3.8933751 3.9626561 4.044008 4.1346246 4.2312764 4.3306059 4.4293833 4.5246985 4.6140784 4.6955399 4.7675924 4.8292084
1.7493646 1.7726011 1.8096057 1.859795 1.9220575 1.9948728 2.0764636 2.1649541 2.2585096 2.3554398 2.4542629 2.5537301 2.6528227 2.7507276 2.8468041 2.9405471 3.0315508 3.1194787 3.2040373 3.2849563 3.3619729 3.4348213 3.5032251 3.5668921 3.6255121 3.6787562 3.7262782 3.7677182 3.8027086 3.8308844 3.851897 3.8654344 3.871249 3.8691945 3.8592733 3.8416952 3.8169473 3.7858706 3.7497376 3.710318 3.6699142 3.6313457 3.597857 3.5729334 3.5600225 3.5621841 3.5817197 3.6198522 3.6765279 3.7503907 3.8389353 3.9388035 4.046156 4.1570449 4.2677277 4.374891 4.4757767 4.5682261 4.6506633 4.7220425
1.6412338 1.6645678 1.7035356 1.7574424 1.8249425 1.9041893 1.9930307 2.0892098 2.1905395 2.2950309 2.4009675 2.5069324 2.6117976 2.7146913 2.8149526 2.9120838 3.0057056 3.0955184 3.1812707 3.2627345 3.3396864 3.4118945 3.479109 3.5410559 3.5974338 3.6479122 3.6921323 3.7297106 3.7602439 3.7833199 3.7985313 3.8054978 3.8038954 3.7934983 3.7742326 3.7462455 3.7099893 3.6663177 3.616587 3.5627479 3.5074075 3.4538299 3.405846 3.3676428 3.343427 3.336986 3.351212 3.3876838 3.4464049 3.5257684 3.6227592 3.7333417 3.8529377 3.976897 4.1008794 4.2211137 4.3345292 4.4387842 4.5322237 4.6137971
