Example_Dataset/contamination rasters/probe_idw.asc
NCOLS 300
NROWS 300
XLLCORNER 35034900
YLLCORNER 54060100
DX 8.0016667
DY 5.6689333
NODATA_VALUE -9999
[rows 208 to 233 of 300, columns 240 to 299 of 300]
2.6319585 2.6301302 2.6284352 2.6268408 2.6253151 2.6238277 2.6223503 2.6208568 2.6193233 2.6177283 2.6160525 2.6142787 2.6123918 2.6103783 2.6082263 2.6059255 2.6034668 2.6008421 2.5980445 2.5950679 2.5919067 2.5885562 2.5850121 2.5812705 2.5773281 2.5731817 2.5688287 2.5642665 2.559493 2.5545064 2.5493055 2.5438892 2.5382574 2.5324104 2.5263494 2.5200768 2.5135961 2.5069124 2.5000327 2.4929659 2.4857237 2.4783205 2.4707745 2.4631073 2.4553454 2.4475197 2.439667 2.4318295 2.4240558 2.4164004 2.4089241 2.4016934 2.3947796 2.3882574 2.3822037 2.3766946 2.3718036 2.3675981 2.3641369 2.3614672
2.6308578 2.6293325 2.6279325 2.6266201 2.6253599 2.6241193 2.6228684 2.6215807 2.6202323 2.6188024 2.6172725 2.6156266 2.6138508 2.611933 2.6098626 2.6076305 2.6052288 2.6026505 2.5998897 2.5969411 2.5938 2.5904622 2.586924 2.5831819 2.5792329 2.575074 2.5707028 2.5661167 2.5613136 2.5562917 2.5510493 2.5455852 2.5398988 2.5339898 2.5278591 2.5215081 2.5149398 2.5081581 2.5011691 2.4939807 2.4866035 2.4790507 2.4713394 2.4634902 2.4555286 2.4474851 2.4393962 2.4313045 2.4232595 2.4153179 2.4075432 2.400006 2.3927829 2.3859551 2.3796069 2.3738229 2.3686849 2.3642689 2.3606412 2.3578553
2.629297 2.6281125 2.6270438 2.626048 2.6250859 2.624122 2.6231253 2.6220686 2.6209281 2.6196838 2.6183183 2.6168168 2.6151668 2.6133577 2.6113805 2.6092273 2.6068916 2.6043676 2.6016505 2.5987359 2.5956199 2.5922991 2.5887703 2.5850305 2.5810771 2.5769074 2.5725189 2.5679093 2.5630763 2.5580179 2.5527322 2.5472177 2.5414732 2.535498 2.5292919 2.5228559 2.5161916 2.5093022 2.5021924 2.4948688 2.4873407 2.4796199 2.4717218 2.463666 2.4554767 2.4471836 2.4388226 2.4304366 2.422076 2.4137996 2.4056743 2.3977754 2.3901855 2.382994 2.3762941 2.3701806 2.3647464 2.3600779 2.3562512 2.3533276
2.627264 2.626463 2.6257665 2.6251254 2.6244964 2.6238413 2.6231277 2.6223278 2.6214185 2.6203805 2.6191976 2.6178568 2.616347 2.6146593 2.6127863 2.6107218 2.6084606 2.6059984 2.6033314 2.6004564 2.5973703 2.5940705 2.5905544 2.5868197 2.582864 2.5786848 2.57428 2.5696471 2.5647838 2.559688 2.5543574 2.54879 2.5429841 2.5369383 2.5306517 2.524124 2.5173559 2.5103492 2.5031073 2.4956353 2.4879405 2.4800333 2.4719272 2.4636401 2.4551945 2.446619 2.4379487 2.4292265 2.4205035 2.4118407 2.4033085 2.3949874 2.3869677 2.3793476 2.3722316 2.3657272 2.3599404 2.3549713 2.3509081 2.3478221
2.6247448 2.6243764 2.6240977 2.6238533 2.6235954 2.6232831 2.6228828 2.6223667 2.6217121 2.6209011 2.619919 2.6187547 2.617399 2.6158449 2.6140867 2.6121202 2.6099416 2.6075482 2.6049374 2.6021071 2.5990554 2.5957804 2.5922802 2.588553 2.5845968 2.5804096 2.5759892 2.5713333 2.5664395 2.5613053 2.5559282 2.5503057 2.5444353 2.5383148 2.5319425 2.525317 2.5184375 2.5113045 2.5039196 2.496286 2.4884093 2.4802975 2.4719621 2.4634187 2.454688 2.4457966 2.4367786 2.4276761 2.4185412 2.4094365 2.4004363 2.3916271 2.3831072 2.3749859 2.3673808 2.3604148 2.3542106 2.3488849 2.3445414 2.3412644
2.6217244 2.6218445 2.6220349 2.6222333 2.6223875 2.6224543 2.6223991 2.6221942 2.6218183 2.6212549 2.6204917 2.6195194 2.6183312 2.6169223 2.6152891 2.6134292 2.6113409 2.6090227 2.6064737 2.603693 2.6006797 2.5974329 2.5939515 2.5902341 2.5862793 2.5820853 2.5776502 2.5729715 2.5680469 2.5628735 2.5574483 2.5517685 2.5458307 2.5396319 2.5331692 2.5264399 2.519442 2.5121739 2.5046355 2.4968279 2.4887542 2.48042 2.4718342 2.4630097 2.4539645 2.4447231 2.4353175 2.425789 2.4161895 2.4065834 2.3970488 2.3876785 2.37858 2.3698752 2.3616975 2.3541883 2.3474907 2.3417425 2.3370671 2.3335651
2.618187 2.6188592 2.619576 2.6202681 2.6208788 2.6213631 2.6216858 2.6218206 2.6217475 2.6214525 2.6209257 2.6201604 2.6191526 2.6178999 2.6164011 2.614656 2.6126647 2.6104278 2.6079458 2.6052191 2.602248 2.5990325 2.5955724 2.591867 2.5879152 2.5837156 2.5792664 2.5745652 2.5696095 2.5643961 2.5589218 2.5531827 2.5471749 2.5408944 2.5343369 2.5274985 2.5203753 2.5129641 2.5052623 2.4972687 2.4889836 2.4804098 2.4715528 2.4624224 2.4530335 2.4434071 2.433573 2.4235703 2.4134505 2.4032791 2.3931376 2.3831254 2.3733602 2.3639782 2.3551315 2.3469837 2.3397033 2.3334544 2.3283853 2.3246176
2.6141165 2.6154134 2.6167207 2.6179619 2.6190769 2.6200192 2.6207543 2.6212575 2.6215115 2.6215052 2.6212319 2.6206881 2.6198728 2.6187866 2.6174309 2.615808 2.6139203 2.61177 2.6093595 2.6066907 2.6037651 2.6005838 2.5971473 2.5934557 2.5895084 2.5853043 2.5808417 2.5761183 2.5711313 2.5658774 2.5603527 2.5545527 2.5484726 2.5421073 2.5354512 2.5284988 2.5212443 2.5136823 2.505808 2.4976171 2.489107 2.4802769 2.4711286 2.4616681 2.4519059 2.4418595 2.4315546 2.4210278 2.4103288 2.3995233 2.3886958 2.3779521 2.3674209 2.3572546 2.3476268 2.3387282 2.3307585 2.3239146 2.318377 2.3142943
2.6094979 2.6115016 2.6134704 2.6153215 2.6169918 2.6184347 2.6196176 2.6205184 2.6211236 2.6214259 2.6214224 2.6211137 2.6205023 2.619592 2.6183874 2.6168933 2.6151146 2.6130558 2.6107209 2.6081135 2.6052363 2.6020916 2.5986808 2.5950046 2.5910631 2.5868554 2.58238 2.5776347 2.5726164 2.5673215 2.5617455 2.5558832 2.5497289 2.5432761 2.5365181 2.5294473 2.5220561 2.5143367 2.5062813 2.4978829 2.4891349 2.4800328 2.470574 2.4607595 2.4505953 2.4400934 2.429275 2.4181722 2.4068318 2.3953185 2.3837186 2.372144 2.3607347 2.3496608 2.3391211 2.3293387 2.3205515 2.3129984 2.3069008 2.3024426
2.6043178 2.6071209 2.60983 2.6123566 2.6146364 2.6166243 2.6182908 2.6196185 2.6205984 2.6212284 2.6215104 2.6214494 2.6210521 2.6203262 2.6192796 2.6179202 2.6162555 2.6142922 2.6120363 2.6094931 2.6066668 2.6035607 2.6001774 2.5965181 2.5925835 2.5883731 2.5838856 2.5791186 2.5740691 2.5687328 2.5631048 2.5571792 2.550949 2.5444068 2.5375439 2.5303511 2.5228186 2.5149358 2.5066921 2.4980767 2.4890792 2.4796905 2.4699029 2.459712 2.4491174 2.4381251 2.4267498 2.4150178 2.402971 2.3906713 2.3782051 2.3656892 2.3532748 2.3411513 2.3295463 2.3187211 2.3089613 2.3005586 2.2937875 2.2888786
2.5985662 2.6022729 2.6058085 2.6090812 2.6120273 2.6146056 2.6167921 2.6185753 2.6199528 2.6209284 2.6215101 2.6217082 2.6215341 2.6209999 2.6201174 2.6188975 2.6173507 2.6154862 2.6133122 2.6108356 2.6080621 2.6049964 2.6016419 2.5980007 2.5940739 2.5898616 2.5853625 2.5805742 2.5754935 2.5701158 2.5644355 2.5584458 2.5521387 2.5455053 2.5385355 2.5312178 2.5235401 2.5154891 2.5070507 2.4982102 2.488953 2.4792645 2.4691315 2.4585427 2.4474908 2.4359739 2.4239985 2.4115832 2.3987626 2.385593 2.3721588 2.3585795 2.3450168 2.3316798 2.3188285 2.30677 2.2958479 2.2864215 2.2788349 2.2733805
2.5922384 2.5969644 2.6014204 2.605514 2.6091855 2.6124003 2.6151425 2.6174088 2.6192052 2.620543 2.6214371 2.6219041 2.621961 2.6216246 2.6209108 2.6198343 2.6184086 2.6166455 2.6145553 2.612147 2.6094279 2.6064038 2.6030792 2.599457 2.5955389 2.5913253 2.5868151 2.582006 2.5768944 2.5714753 2.5657425 2.5596883 2.5533037 2.5465781 2.5394998 2.5320552 2.5242295 2.5160064 2.5073683 2.4982962 2.4887705 2.4787709 2.4682775 2.4572715 2.445737 2.4336628 2.4210452 2.4078923 2.3942286 2.3801016 2.3655901 2.3508132 2.3359404 2.3212008 2.3068897 2.2933676 2.2810499 2.270382 2.2617995 2.2556784
2.5853372 2.5912103 2.5966875 2.6016802 2.606137 2.6100341 2.6133663 2.6161417 2.6183763 2.6200908 2.6213082 2.6220522 2.6223462 2.6222121 2.6216705 2.6207401 2.6194375 2.6177774 2.6157725 2.6134336 2.6107698 2.6077882 2.6044941 2.6008916 2.5969828 2.5927685 2.5882477 2.5834182 2.5782761 2.5728159 2.5670308 2.5609122 2.5544499 2.5476318 2.5404442 2.5328715 2.5248961 2.5164984 2.507657 2.4983483 2.4885472 2.4782271 2.4673607 2.4559205 2.4438807 2.4312188 2.4179187 2.4039749 2.3893983 2.3742233 2.3585182 2.3423968 2.3260327 2.3096727 2.2936493 2.2783847 2.2643818 2.2521967 2.2423868 2.2354418
2.5778761 2.5850352 2.5916401 2.5976121 2.6029141 2.6075372 2.6114917 2.6147995 2.617489 2.6195921 2.6211412 2.6221683 2.6227035 2.6227747 2.6224075 2.6216245 2.620446 2.6188897 2.6169706 2.6147017 2.6120936 2.6091547 2.6058918 2.6023093 2.5984103 2.5941956 2.5896648 2.5848153 2.5796432 2.5741425 2.5683057 2.5621231 2.5555834 2.5486731 2.5413763 2.5336753 2.5255495 2.5169761 2.5079293 2.4983808 2.4882996 2.4776522 2.4664029 2.4545145 2.4419498 2.4286731 2.4146531 2.3998676 2.3843092 2.367994 2.3509735 2.3333493 2.315292 2.2970618 2.2790279 2.2616815 2.2456321 2.2315775 2.2202384 2.2122627
2.5698827 2.5784768 2.5863194 2.5933509 2.5995554 2.6049454 2.6095507 2.6134104 2.6165683 2.6190688 2.6209555 2.6222692 2.6230477 2.6233254 2.6231329 2.6224975 2.621443 2.6199902 2.6181567 2.6159575 2.6134049 2.6105089 2.607277 2.6037148 2.5998256 2.5956111 2.5910706 2.5862018 2.5810004 2.5754599 2.5695721 2.5633265 2.5567104 2.5497087 2.5423038 2.5344753 2.5261998 2.5174508 2.5081984 2.498409 2.4880454 2.4770666 2.4654277 2.4530808 2.4399757 2.4260614 2.4112887 2.3956147 2.3790087 2.3614619 2.3430008 2.3237054 2.3037331 2.2833482 2.2629526 2.2431116 2.2245618 2.2081825 2.1949157 2.1856317
2.5614037 2.5715881 2.580779 2.5889471 2.5961071 2.6022997 2.6075791 2.6120058 2.6156412 2.6185444 2.6207712 2.6223723 2.6233939 2.6238771 2.6238582 2.6233691 2.6224373 2.6210868 2.6193378 2.6172074 2.6147096 2.6118558 2.6086547 2.6051125 2.6012335 2.5970193 2.5924696 2.5875821 2.5823521 2.5767729 2.5708354 2.5645281 2.5578371 2.5507458 2.5432345 2.5352803 2.526857 2.5179343 2.5084779 2.4984488 2.4878032 2.476492 2.4644605 2.4516492 2.4379932 2.4234241 2.4078718 2.3912687 2.373555 2.3546893 2.3346628 2.313521 2.2913937 2.2685342 2.2453659 2.2225282 2.200905 2.1816072 2.1658782 2.1549066
2.5525093 2.5644413 2.5750869 2.5844622 2.5926232 2.5996466 2.605617 2.6106198 2.6147367 2.6180436 2.6206093 2.6224957 2.6237576 2.6244433 2.624595 2.6242493 2.6234377 2.6221872 2.6205208 2.6184575 2.6160133 2.6132007 2.6100296 2.6065072 2.602638 2.5984244 2.593866 2.5889605 2.583703 2.5780862 2.5721005 2.5657333 2.5589696 2.5517911 2.5441761 2.5360993 2.5275314 2.5184386 2.5087818 2.4985166 2.4875922 2.4759511 2.4635284 2.4502515 2.4360399 2.4208058 2.4044551 2.3868909 2.3680184 2.3477545 2.326043 2.3028788 2.2783432 2.2526554 2.2262387 2.1997962 2.1743747 2.151376 2.1324559 2.1192672
2.5432991 2.5571303 2.5693271 2.5799688 2.5891654 2.5970383 2.6037081 2.609289 2.6138856 2.617592 2.6204916 2.6226577 2.6241544 2.6250374 2.6253549 2.6251482 2.6244529 2.6232991 2.6217124 2.619714 2.6173214 2.6145486 2.6114066 2.6079032 2.6040437 2.5998306 2.595264 2.5903412 2.5850573 2.5794045 2.5733724 2.5669477 2.560114 2.5528514 2.5451364 2.5369412 2.5282335 2.5189756 2.5091242 2.4986289 2.4874321 2.4754675 2.4626594 2.4489216 2.4341568 2.4182556 2.4010974 2.3825517 2.362482 2.3407539 2.31725 2.291894 2.2646922 2.2357953 2.2055895 2.1748122 2.1446754 2.116936 2.0938142 2.0776514
2.5339075 2.5497739 2.5636007 2.5755512 2.5858033 2.5945319 2.6018992 2.6080519 2.6131197 2.6172162 2.6204402 2.6228769 2.6246 2.6256727 2.6261492 2.6260756 2.6254914 2.62443 2.6229193 2.6209827 2.6186393 2.6159044 2.61279 2.6093048 2.6054545 2.601242 2.5966675 2.5917283 2.5864193 2.5807323 2.5746561 2.5681766 2.5612762 2.5539334 2.546123 2.5378147 2.5289732 2.5195573 2.5095191 2.4988025 2.4873429 2.4750652 2.4618826 2.4476949 2.4323868 2.4158262 2.3978632 2.3783299 2.3570417 2.3338031 2.3084197 2.2807212 2.2506043 2.2181043 2.1835111 2.1475377 2.1115317 2.0776609 2.0489118 2.0286631
2.5245082 2.5425169 2.5580256 2.5713045 2.5826133 2.5921887 2.6002399 2.6069487 2.6124717 2.6169431 2.6204772 2.6231718 2.6251099 2.6263623 2.626989 2.6270411 2.6265616 2.6255871 2.6241479 2.6222693 2.6199721 2.6172728 2.6141843 2.6107161 2.6068743 2.6026623 2.5980803 2.5931258 2.5877931 2.5820738 2.5759561 2.569425 2.5624618 2.5550436 2.5471432 2.5387282 2.5297605 2.5201954 2.5099803 2.4990539 2.4873445 2.4747684 2.4612275 2.4466075 2.4307746 2.413573 2.3948217 2.3743119 2.3518056 2.3270365 2.2997176 2.269559 2.2363074 2.1998212 2.1602076 2.1180499 2.0747418 2.0328764 1.9964535 1.9704365
2.5153171 2.5355303 2.5527357 2.5673331 2.5796771 2.5900732 2.5987811 2.6060201 2.6119744 2.6167992 2.6206246 2.6235604 2.6256991 2.6271188 2.6278851 2.6280537 2.6276713 2.6267772 2.6254042 2.6235793 2.6213247 2.6186582 2.6155936 2.6121409 2.608307 2.6040953 2.5995063 2.5945373 2.5891826 2.5834332 2.5772769 2.5706979 2.5636763 2.556188 2.548204 2.53969 2.530605 2.5209009 2.5105211 2.4993991 2.4874564 2.4746008 2.4607234 2.4456957 2.4293656 2.4115532 2.3920454 2.3705905 2.3468924 2.3206065 2.2913385 2.2586536 2.222104 2.1812973 2.1360402 2.0866171 2.0342753 1.9819333 1.9348549 1.9004363
2.5065913 2.5290083 2.5478777 2.5637486 2.5770799 2.588251 2.5975741 2.6053064 2.61166 2.6168103 2.6209032 2.6240599 2.6263819 2.627954 2.6288475 2.6291221 2.6288279 2.6280069 2.6266938 2.6249175 2.6227016 2.6200648 2.6170216 2.613583 2.6097559 2.6055443 2.6009486 2.5959662 2.5905912 2.5848143 2.5786226 2.5719997 2.5649247 2.5573724 2.5493121 2.5407076 2.5315154 2.5216846 2.5111544 2.4998535 2.4876972 2.4745853 2.4603986 2.444995 2.4282048 2.4098242 2.3896082 2.3672617 2.3424284 2.3146798 2.2835036 2.2482975 2.2083767 2.1630169 2.1115789 2.0538037 1.9904383 1.9243814 1.8622617 1.8151631
2.4986232 2.5231627 2.5436063 2.5606652 2.5749074 2.5867872 2.5966689 2.6048467 2.6115591 2.6170011 2.6213328 2.6246865 2.6271715 2.6288792 2.6298856 2.6302543 2.6300383 2.6292819 2.628022 2.6262887 2.6241069 2.6214962 2.618472 2.6150455 2.6112243 2.6070124 2.6024105 2.5974159 2.5920224 2.5862205 2.579997 2.5733346 2.5662117 2.558602 2.5504735 2.541788 2.5325002 2.5225562 2.5118918 2.5004313 2.4880845 2.4747436 2.4602801 2.4445396 2.4273355 2.4084419 2.3875833 2.3644222 2.338543 2.3094319 2.2764534 2.2388231 2.1955848 2.1456077 2.0876497 2.0205968 1.9441335 1.8603393 1.7767521 1.7097435
2.4917271 2.5182129 2.5400773 2.5581955 2.5732424 2.5857437 2.5961126 2.6046771 2.6117001 2.617394 2.6219316 2.6254547 2.6280801 2.6299043 2.6310077 2.6314572 2.6313085 2.6306077 2.6293934 2.6276971 2.6255445 2.6229561 2.6199479 2.6165316 2.6127151 2.6085026 2.6038948 2.5988891 2.5934792 2.5876552 2.5814035 2.5747064 2.5675415 2.5598816 2.5516935 2.5429377 2.5335668 2.5235246 2.5127441 2.5011455 2.4886339 2.4750952 2.4603926 2.4443606 2.426798 2.4074589 2.3860401 2.3621653 2.3353633 2.3050394 2.2704371 2.2305878 2.1842481 2.1298307 2.0653565 1.9885278 1.8972176 1.7912108 1.6770651 1.5774772
2.4862199 2.514373 2.537439 2.5564446 2.572161 2.5851767 2.5959473 2.60483 2.6121082 2.6180088 2.6227154 2.6263776 2.6291181 2.6310381 2.6322213 2.6327373 2.6326439 2.6319889 2.6308121 2.6291462 2.6270175 2.6244474 2.6214521 2.6180439 2.6142308 2.6100173 2.6054041 2.6003885 2.5949642 2.5891211 2.5828452 2.5761184 2.5689178 2.5612154 2.5529771 2.5441621 2.5347217 2.5245976 2.5137204 2.5020074 2.4893595 2.4756575 2.4607578 2.4444858 2.4266282 2.4069223 2.3850415 2.3605764 2.3330078 2.3016697 2.265697 2.2239511 2.1749133 2.1165361 2.0460443 1.9597195 1.8528714 1.7208834 1.5646997 1.4099793
2.4823946 2.5118356 2.5358222 2.5555039 2.5717285 2.5851341 2.5962091 2.6053329 2.6128045 2.6188621 2.6236974 2.6274658 2.6302944 2.6322879 2.6335325 2.6340998 2.634049 2.6334295 2.6322817 2.6306392 2.6285289 2.6259727 2.6229871 2.6195847 2.6157737 2.6115586 2.6069404 2.6019162 2.5964797 2.5906205 2.5843247 2.5775735 2.5703438 2.562607 2.5543283 2.545466 2.5359703 2.5257815 2.5148286 2.5030263 2.4902727 2.4764448 2.4613939 2.4449385 2.4268563 2.4068717 2.3846408 2.3597286 2.331579 2.2994702 2.262451 2.2192447 2.1681036 2.1065814 2.0311733 1.9367481 1.8157086 1.6571627 1.4489627 1.201576
