Example_Dataset/contamination rasters/probe_idw.asc
NCOLS 300
NROWS 300
XLLCORNER 35034900
YLLCORNER 54060100
DX 8.0016667
DY 5.6689333
NODATA_VALUE -9999
[rows 208 to 233 of 300, columns 60 to 119 of 300]
6.4582743 6.4981466 6.5492569 6.6136314 6.6917822 6.7835023 6.8879263 7.0031273 7.1254369 7.2488029 7.3648532 7.4645912 7.5419641 7.5975662 7.6395286 7.6806459 7.7338064 7.8077187 7.9024598 8.0033552 8.0760766 8.0761537 7.9807192 7.809596 7.6046116 7.3995593 7.2116851 7.0466874 6.9046923 6.7837695 6.6815411 6.5958059 6.5247264 6.4668376 6.4209841 6.3862246 6.3617086 6.3465172 6.3394571 6.3388012 6.3420088 6.3455219 6.344828 6.3350175 6.3118907 6.2732443 6.2196169 6.1539939 6.08069 6.0041126 5.9279552 5.8549217 5.7868085 5.7247333 5.6693789 5.6211979 5.5805683 5.547909 5.5237663 5.5088733
6.4564326 6.5109402 6.5742454 6.6493634 6.7380403 6.8412622 6.9592277 7.0907872 7.2323466 7.3764567 7.5110424 7.621258 7.6954292 7.7322708 7.7426869 7.7439361 7.7516158 7.7744497 7.811667 7.8512641 7.8706008 7.8443314 7.7596402 7.6251555 7.4630189 7.2947593 7.1343139 6.9883845 6.8591235 6.7464014 6.6491549 6.5660648 6.4958542 6.4373903 6.3896887 6.3518645 6.3230463 6.3022567 6.2882619 6.2793981 6.2734123 6.2673911 6.2578925 6.2413818 6.214949 6.1770696 6.1280283 6.0697603 6.0052134 5.937583 5.8697377 5.8039481 5.7418592 5.684597 5.6329179 5.5873523 5.5483225 5.516231 5.491521 5.4747019
6.4618474 6.5275946 6.60116 6.6860846 6.7851013 6.9004197 7.0336172 7.1849217 7.3515858 7.5251934 7.6888817 7.8183013 7.891483 7.9040252 7.8733877 7.826346 7.7843331 7.7575496 7.7452666 7.7376918 7.7189289 7.6728381 7.590916 7.4765036 7.3414606 7.1992029 7.0600091 6.9299906 6.812006 6.7069129 6.6145185 6.534161 6.4650182 6.4062505 6.3570446 6.3165992 6.2840717 6.2584953 6.2386757 6.2230826 6.209768 6.1963635 6.1802222 6.1587448 6.1298503 6.0924411 6.0466539 5.9937715 5.9358439 5.8752058 5.8140738 5.7543146 5.6973736 5.6443101 5.5958817 5.5526379 5.5150038 5.4833432 5.4579958 5.4392797
6.4737364 6.5479858 6.6299556 6.723552 6.8324028 6.9600602 7.1099269 7.2845372 7.4834942 7.6990047 7.9089432 8.0733891 8.1499031 8.127823 8.0395859 7.9308653 7.8324273 7.75575 7.6990595 7.6529878 7.6047438 7.542388 7.4591318 7.3554299 7.2374119 7.1132354 6.9900751 6.8728922 6.7645158 6.666225 6.578337 6.5006377 6.4326492 6.3737736 6.3233559 6.2806914 6.2449976 6.215362 6.1906762 6.1695734 6.1503944 6.1312175 6.1099868 6.0847522 6.053983 6.0168607 5.9734334 5.9245648 5.871702 5.8165643 5.7608613 5.706107 5.653537 5.6041053 5.5585246 5.5173239 5.4809029 5.4495739 5.4235811 5.4030891
6.491199 6.5717101 6.6603139 6.7612585 6.8790554 7.018755 7.1861056 7.3871883 7.6264703 7.9007271 8.1849653 8.4147247 8.5034312 8.4254661 8.2494497 8.0581122 7.8937934 7.7657541 7.6680115 7.5891513 7.5168074 7.4404951 7.353825 7.25542 7.1479907 7.0362532 6.9249768 6.8179015 6.7174784 6.6250567 6.5412003 6.4659711 6.3991332 6.3402776 6.2888868 6.2443545 6.2059754 6.172916 6.1441767 6.1185604 6.0946671 6.0709354 6.045752 6.0176266 5.9854045 5.9484561 5.9067752 5.8609486 5.8120093 5.7612318 5.7099338 5.6593319 5.6104615 5.5641548 5.5210543 5.4816432 5.4462788 5.4152165 5.3886172 5.3665291
6.5134062 6.5982658 6.691771 6.7985229 6.9239113 7.0745917 7.2591073 7.4884212 7.7753502 8.1290374 8.5327476 8.8899318 9.0112766 8.828852 8.5085721 8.2040786 7.9630428 7.7824463 7.6466645 7.539474 7.4469826 7.3585972 7.2676395 7.1714211 7.0704803 6.9672371 6.8646651 6.765412 6.6714274 6.5839381 6.5035796 6.4305611 6.3648037 6.3060381 6.2538605 6.2077577 6.1671081 6.1311681 6.0990547 6.0697338 6.0420303 6.014673 5.9863827 5.9560013 5.9226383 5.8857958 5.8454339 5.8019511 5.75609 5.7087996 5.6610948 5.613945 5.5682046 5.5245818 5.4836366 5.4457929 5.4113564 5.3805256 5.3533916 5.3299181
6.539688 6.6271754 6.7238324 6.8346033 6.9656932 7.1253241 7.3249949 7.5814704 7.9194443 8.3721909 8.9619727 9.5828936 9.7933312 9.3801293 8.8113435 8.3563821 8.0307714 7.7991147 7.6293923 7.4982649 7.3891514 7.2905679 7.1952541 7.099536 7.0025134 6.9050513 6.8088098 6.7155346 6.6266719 6.5432378 6.4658355 6.3947314 6.329939 6.2712863 6.2184604 6.1710316 6.1284608 6.0900965 6.0551703 6.022798 5.991997 5.9617288 5.9309702 5.8988078 5.8645407 5.8277659 5.7884216 5.7467758 5.7033631 5.6588905 5.6141376 5.569871 5.5267855 5.4854712 5.4464019 5.409937 5.376327 5.3457167 5.3181405 5.2935032
6.5695754 6.6580697 6.756076 6.8688241 7.0031792 7.1686693 7.3794017 7.657734 8.0415631 8.5986151 9.4447023 10.631338 11.131999 10.102624 9.1210286 8.4904533 8.0837495 7.8080925 7.6107732 7.4607607 7.3386457 7.2319205 7.1327542 7.0367689 6.9421131 6.8486017 6.7569527 6.6682056 6.583359 6.5031954 6.4282313 6.3587342 6.2947633 6.2362104 6.1828328 6.1342728 6.0900685 6.0496569 6.0123771 5.9774787 5.9441424 5.9115176 5.8787789 5.8451966 5.8102095 5.7734841 5.7349447 5.694766 5.6533303 5.6111627 5.5688583 5.5270174 5.4861967 5.4468776 5.4094505 5.3742094 5.3413502 5.3109689 5.2830543 5.2574718
6.6028244 6.6907496 6.7882395 6.9007045 7.0354191 7.2027243 7.4183904 7.7085314 8.1207962 8.7533082 9.8426928 12.047718 13.797431 10.832314 9.3460266 8.5712999 8.10738 7.8020844 7.5861611 7.423197 7.2919707 7.1793728 7.0772571 6.9808381 6.8876791 6.7969126 6.708604 6.6232652 6.5415269 6.4639518 6.39095 6.3227584 6.2594506 6.2009577 6.1470893 6.0975484 6.0519425 6.0097901 5.9705283 5.9335243 5.8980965 5.8635467 5.8292049 5.7944816 5.7589207 5.7222408 5.6843567 5.6453749 5.6055643 5.5653102 5.525062 5.4852834 5.4464124 5.408833 5.3728577 5.3387176 5.3065573 5.2764287 5.2482844 5.2219641
6.639431 6.7252295 6.8202895 6.9300679 7.0619373 7.2263998 7.4395043 7.7279377 8.1408223 8.7811642 9.908625 12.387043 14.983292 10.96126 9.3702444 8.5681027 8.0907267 7.7759792 7.5523431 7.3829531 7.2466766 7.1306024 7.0266832 6.9300402 6.8379549 6.7491605 6.6632994 6.5805116 6.5011455 6.4255768 6.3541106 6.2869387 6.2241304 6.1656386 6.1113107 6.0608999 6.0140746 5.9704265 5.9294799 5.8907045 5.8535349 5.8173975 5.7817459 5.7460997 5.7100833 5.6734552 5.6361235 5.5981433 5.5596967 5.5210601 5.4825661 5.4445654 5.4073949 5.3713522 5.3366787 5.3035474 5.2720551 5.2422152 5.2139507 5.1870844
6.6796434 6.7617655 6.8524648 6.9571114 7.0828638 7.2397196 7.4425632 7.7152703 8.0993706 8.6731996 9.5900363 11.027793 11.717153 10.319179 9.1712347 8.4752879 8.0315414 7.7283466 7.508025 7.3386546 7.2012803 7.0840927 6.9796046 6.8831517 6.7919908 6.7046826 6.6206308 6.539736 6.4621462 6.3880909 6.3177825 6.2513651 6.1888936 6.1303306 6.0755506 6.0243472 5.9764413 5.9314891 5.8890918 5.848808 5.8101705 5.7727091 5.7359769 5.6995801 5.663206 5.6266438 5.5897968 5.5526801 5.5154076 5.4781689 5.4412013 5.4047616 5.3690998 5.3344379 5.3009535 5.2687665 5.2379307 5.2084252 5.1801485 5.1529117
6.7239725 6.8008704 6.8852909 6.9824196 7.0989533 7.2438583 7.4297697 7.6754556 8.0097935 8.4758501 9.1178763 9.8481308 10.095421 9.5437984 8.8490277 8.316727 7.9372138 7.6617158 7.4538995 7.2901406 7.1551724 7.039014 6.9351349 6.8393506 6.7491065 6.6629718 6.5802604 6.500744 6.4244429 6.3514817 6.281998 6.2160914 6.1537983 6.0950831 6.0398387 5.9878911 5.9390058 5.8928952 5.8492279 5.8076393 5.7677467 5.7291658 5.6915321 5.6545217 5.617872 5.5813967 5.5449944 5.5086482 5.4724166 5.4364182 5.4008113 5.3657729 5.3314787 5.2980842 5.26571 5.2344289 5.2042556 5.1751389 5.1469558 5.1195078
6.7732034 6.8433159 6.9195667 7.0069226 7.1114849 7.2409014 7.4050627 7.6169784 7.8929967 8.2484505 8.6742857 9.0661747 9.1812139 8.9227339 8.5101777 8.1276183 7.8208111 7.581462 7.3922509 7.2382701 7.1084826 6.9951105 6.8928363 6.7981509 6.7088532 6.6236635 6.5419234 6.4633657 6.3879442 6.3157155 6.2467613 6.1811425 6.1188754 6.0599211 6.0041844 5.9515165 5.9017204 5.8545573 5.8097547 5.7670155 5.7260294 5.6864861 5.6480899 5.6105752 5.5737202 5.5373582 5.5013833 5.4657514 5.4304745 5.3956108 5.3612515 5.3275051 5.2944821 5.2622799 5.2309688 5.2005792 5.1710911 5.1424255 5.1144396 5.0869256
6.8284123 6.8901288 6.9563289 7.0318099 7.1220766 7.233427 7.3730756 7.5489419 7.7679764 8.029962 8.310889 8.5371511 8.5991408 8.4604062 8.2065001 7.9362164 7.6957203 7.4940362 7.326282 7.1846211 7.0619125 6.9525878 6.8526369 6.759343 6.6709763 6.5865163 6.5054227 6.4274585 6.3525598 6.2807451 6.2120557 6.1465199 6.0841331 6.0248493 5.9685796 5.9151945 5.8645282 5.816384 5.7705414 5.7267628 5.6848021 5.6444133 5.6053609 5.5674287 5.5304297 5.4942128 5.4586674 5.4237248 5.3893561 5.3555667 5.3223883 5.2898689 5.2580615 5.227012 5.196746 5.1672566 5.1384922 5.1103483 5.0826624 5.0552154
6.890994 6.9425847 6.9968026 7.0584207 7.1324689 7.2240656 7.3381816 7.4789235 7.6474533 7.8370293 8.0242368 8.1624677 8.1981719 8.1151348 7.9509539 7.758589 7.5723442 7.4054739 7.2594502 7.1311736 7.0165652 6.9120054 6.8147546 6.7229387 6.6353781 6.5513897 6.4706173 6.392904 6.3182022 6.246513 6.1778481 6.1122063 6.049561 5.9898554 5.9330021 5.8788852 5.8273644 5.7782799 5.7314575 5.6867133 5.6438593 5.602708 5.5630774 5.5247961 5.4877071 5.4516724 5.4165759 5.3823256 5.3488544 5.3161189 5.2840965 5.25278 5.2221705 5.1922675 5.1630571 5.134499 5.1065136 5.0789711 5.0516883 5.0244316
6.9627104 7.0022065 7.0423476 7.0881297 7.1443255 7.2151533 7.3039056 7.4121673 7.5380959 7.6733022 7.7990749 7.886368 7.9068905 7.8523678 7.7408546 7.6014874 7.4573939 7.3206363 7.1950142 7.0800628 6.9738054 6.8741869 6.779631 6.6891205 6.6020795 6.5182178 6.4374069 6.3596001 6.2847841 6.2129527 6.1440911 6.0781684 6.0151332 5.9549133 5.8974176 5.8425388 5.7901575 5.7401461 5.6923723 5.6467023 5.6030024 5.5611403 5.5209849 5.4824063 5.4452755 5.4094659 5.3748544 5.3413256 5.3087744 5.2771103 5.2462584 5.2161595 5.1867663 5.1580361 5.1299199 5.1023479 5.0752142 5.0483641 5.0215903 4.9946395
7.0457685 7.0707713 7.0944033 7.1222415 7.1590762 7.2085252 7.2727182 7.3517195 7.4424064 7.5368301 7.620996 7.6764909 7.6872398 7.6484734 7.5693897 7.4664545 7.354611 7.2431096 7.1358515 7.0334511 6.9351763 6.840158 6.7478782 6.6581941 6.571181 6.4869803 6.405713 6.3274502 6.2522138 6.1799871 6.1107246 6.0443598 5.980811 5.9199852 5.8617823 5.8060985 5.7528309 5.7018802 5.6531536 5.6065651 5.5620344 5.5194838 5.4788332 5.4399939 5.4028647 5.367329 5.3332556 5.3005033 5.2689276 5.2383893 5.2087612 5.1799328 5.1518104 5.1243126 5.0973587 5.0708528 5.0446644 5.0186119 4.9924583 4.9659226
7.1429435 7.1503256 7.1544274 7.1618893 7.1778056 7.2054272 7.2460813 7.2989415 7.3604899 7.4238519 7.4787178 7.5130393 7.5170436 7.4876644 7.4297227 7.3526671 7.2658246 7.1754791 7.0845061 6.9935299 6.9023887 6.8111198 6.7202382 6.6305426 6.5428208 6.45767 6.3754557 6.2963492 6.2203877 6.1475264 6.0776751 6.0107216 5.9465451 5.8850248 5.8260452 5.7695017 5.7153034 5.6633767 5.6136665 5.5661346 5.5207557 5.4775092 5.4363687 5.3972901 5.3602012 5.3249953 5.2915308 5.2596372 5.2291265 5.1998066 5.1714951 5.1440291 5.1172695 5.0910983 5.0654071 5.0400771 5.0149535 4.9898235 4.9644099 4.9383931
7.2577617 7.2431959 7.2238123 7.2079274 7.2011673 7.2065024 7.2246025 7.2540394 7.2912369 7.3303814 7.3637825 7.3832396 7.3824316 7.3592076 7.3160891 7.2584718 7.1918383 7.1197432 7.0434019 6.9626518 6.8773906 6.7884587 6.6975496 6.6065765 6.5171268 6.430255 6.3465289 6.2661687 6.1891825 6.1154644 6.0448566 5.9771848 5.912278 5.8499791 5.7901511 5.7326827 5.6774916 5.6245275 5.5737727 5.5252388 5.4789594 5.4349771 5.3933261 5.3540127 5.3169979 5.2821856 5.2494209 5.2184985 5.189179 5.1612107 5.1343506 5.1083802 5.083115 5.0584029 5.034112 5.0101044 4.9862006 4.9621465 4.9376072 4.9122054
7.3947553 7.3519647 7.3037445 7.2607924 7.2293058 7.2118086 7.2082064 7.2164775 7.2329984 7.2527615 7.2698471 7.2784252 7.274189 7.2555657 7.2238643 7.1820898 7.1330404 7.0777474 7.0151892 6.9436048 6.8625292 6.773787 6.6807102 6.5866694 6.4941572 6.4046354 6.3187724 6.236741 6.1584475 6.083676 6.0121693 5.9436709 5.8779461 5.8147917 5.7540424 5.6955747 5.6393111 5.5852228 5.5333301 5.4836982 5.4364269 5.3916318 5.349419 5.3098557 5.272943 5.2385975 5.206647 5.1768425 5.1488823 5.1224442 5.0972157 5.0729185 5.049322 5.0262442 5.0035358 4.9810459 4.9585682 4.935789 4.9122806 4.8875768
7.5597812 7.4793329 7.3949477 7.3203056 7.2617654 7.2208417 7.1962835 7.1852624 7.1839392 7.1877977 7.1920705 7.1924291 7.1858419 7.1712129 7.1493233 7.1218614 7.0897686 7.051612 7.0032533 6.940088 6.8608291 6.7689984 6.6706081 6.5710619 6.4738232 6.3805937 6.2919439 6.2078447 6.1279982 6.0520154 5.9795014 5.9100948 5.8434825 5.7794056 5.7176628 5.658113 5.6006793 5.5453526 5.4921927 5.4413242 5.3929232 5.3471933 5.3043295 5.2644763 5.2276864 5.1938922 5.1628988 5.1344004 5.1080167 5.0833386 5.0599725 5.0375739 5.0158668 4.994646 4.973757 4.9530473 4.9322825 4.9110542 4.8887714 4.8648203
7.7603113 7.6277012 7.497223 7.3853931 7.2973857 7.2325588 7.1878109 7.1591315 7.1422151 7.1327424 7.1266689 7.1206569 7.1125817 7.1018657 7.0893187 7.0762135 7.0624576 7.0441668 7.0125115 6.957547 6.8764304 6.7762883 6.6679676 6.5597099 6.4557904 6.3577411 6.265693 6.1791941 6.0976136 6.0203165 5.9467308 5.8763672 5.8088204 5.7437665 5.6809608 5.6202384 5.5615184 5.5048092 5.4502117 5.3979169 5.3481917 5.3013481 5.2576954 5.2174798 5.180823 5.1476789 5.1178215 5.090869 5.0663382 5.0437102 5.0224935 5.0022701 4.9827215 4.9636319 4.9448645 4.9262923 4.9076594 4.8883995 4.8676063 4.8443974
8.0053214 7.7981255 7.6086764 7.4537267 7.334204 7.2454181 7.1814615 7.136687 7.1060663 7.0852427 7.0706125 7.0595361 7.0506289 7.0439638 7.0409335 7.043403 7.0515083 7.0593803 7.0508014 7.0047513 6.9152361 6.7980004 6.6730177 6.5520526 6.4393607 6.3354682 6.2395449 6.1504367 6.0670377 5.988397 5.9137294 5.8423989 5.7738971 5.707827 5.6438934 5.5819011 5.5217595 5.4634905 5.4072371 5.3532648 5.3019491 5.2537391 5.2090945 5.1683991 5.1318709 5.0994941 5.0709989 5.0458991 5.0235716 5.0033553 4.9846383 4.9669202 4.9498459 4.933212 4.9169411 4.900993 4.885135 4.8685427 4.849643 4.8270054
8.3035534 7.9880486 7.7245864 7.5213608 7.3694238 7.2574637 7.1757225 7.1165061 7.0738759 7.0432928 7.0214292 7.0061845 6.9968508 6.9943173 7.0011307 7.0210136 7.0566337 7.1025481 7.1315508 7.0970823 6.9856881 6.835928 6.6848387 6.5466945 6.423359 6.3129168 6.2129011 6.1211607 6.035989 5.9560654 5.8803688 5.8081058 5.7386584 5.6715509 5.6064312 5.5430663 5.4813478 5.4213051 5.3631214 5.3071447 5.2538807 5.2039533 5.1580238 5.1166684 5.0802428 5.0487751 5.0219334 4.9990815 4.9794033 4.9620474 4.946251 4.9314215 4.9171775 4.9033615 4.8900258 4.8773456 4.8652789 4.8526568 4.8363782 4.8137135
8.6566053 8.1871233 7.8361326 7.5825705 7.3995439 7.2664975 7.1690456 7.0972505 7.0442221 7.0052059 6.9770851 6.9582191 6.9485469 6.9498976 6.9664582 7.005216 7.0751665 7.1790846 7.2792303 7.2641861 7.0987309 6.8891968 6.7002816 6.5410768 6.406079 6.2889987 6.1850675 6.0909183 6.004176 5.9231325 5.8465287 5.7734149 5.7030639 5.6349183 5.5685635 5.5037197 5.4402496 5.3781792 5.3177259 5.2593248 5.2036354 5.1515063 5.1038729 5.061586 5.0252045 4.9948233 4.9700178 4.9499322 4.9334749 4.9195365 4.9071621 4.8956547 4.884621 4.8739926 4.8640483 4.8554064 4.8486979 4.8427206 4.8306804 4.8061171
9.0390699 8.3716592 7.9298589 7.6302405 7.4207555 7.2703632 7.1600379 7.0777855 7.0159319 6.969604 6.9359169 6.9136566 6.9033594 6.9077883 6.9329531 6.9900698 7.0988244 7.2875294 7.5395 7.5699391 7.2615712 6.9493406 6.7127221 6.5313692 6.3853799 6.2624874 6.1553158 6.0592635 5.9713206 5.8894257 5.812106 5.7382711 5.6670919 5.5979303 5.5303037 5.4638745 5.3984609 5.3340674 5.2709308 5.2095707 5.1508242 5.0958254 5.0458876 5.0022625 4.9658174 4.9367521 4.9144999 4.8978735 4.88538 4.8755535 4.8671942 4.8594877 4.8520453 4.8449305 4.8387446 4.8348394 4.8355286 4.8419239 4.8388186 4.8060879
