Example_Dataset/contamination rasters/probe_idw2.asc
NCOLS 300
NROWS 300
XLLCORNER 35034900
YLLCORNER 54060100
DX 8.0016667
DY 5.6689333
NODATA_VALUE -9999
[rows 234 to 259 of 300, columns 180 to 239 of 300]
2.1870225 2.2718177 2.3425111 2.4007 2.4478233 2.4851444 2.5137569 2.5346003 2.5484804 2.5560903 2.5580294 2.5548209 2.5469264 2.5347575 2.5186865 2.4990531 2.4761704 2.4503284 2.4217958 2.3908198 2.357625 2.3224092 2.2853392 2.2465443 2.2061085 2.1640628 2.1203756 2.0749443 2.0275865 1.9780329 1.9259214 1.8707942 1.8120976 1.7491874 1.6813396 1.60777 1.5276659 1.4402337 1.3447678 1.2407488 1.1279742 1.0067273 0.87797852 0.74360199 0.60656934 0.4710569 0.34238343 0.22669731 0.13037501 0.059183689 0.017374625 0.0069525591 0.027349098 0.075601643 0.14696282 0.23573226 0.33607359 0.44264462 0.55097259 0.65759364
2.1791637 2.2652822 2.3371895 2.3964857 2.4446202 2.4828711 2.5123482 2.5340074 2.5486702 2.5570434 2.559738 2.5572861 2.5501555 2.5387614 2.5234763 2.5046376 2.4825528 2.4575036 2.4297474 2.3995178 2.3670229 2.3324429 2.2959251 2.2575787 2.2174682 2.1756059 2.131944 2.0863665 2.0386821 1.9886172 1.935811 1.8798127 1.8200817 1.7559924 1.686845 1.6118845 1.5303315 1.4414294 1.3445123 1.2391021 1.125038 1.002643 0.87292231 0.73777648 0.60019035 0.46433636 0.33551003 0.21981863 0.12358599 0.05252588 0.010847381 0.00053301632 0.021014057 0.069344163 0.14079929 0.22970018 0.3302234 0.43702993 0.54564194 0.6525853
2.1763482 2.2627701 2.3350878 2.394857 2.4434994 2.4822783 2.5122964 2.5345083 2.5497367 2.5586911 2.5619857 2.5601548 2.5536673 2.5429378 2.5283366 2.5101963 2.4888179 2.464474 2.437411 2.4078495 2.3759828 2.3419747 2.3059558 2.2680182 2.2282098 2.1865278 2.1429116 2.097236 2.049304 1.9988418 1.9454936 1.8888196 1.8282965 1.7633226 1.6932278 1.6172934 1.5347819 1.4449835 1.3472838 1.241258 1.1267984 1.0042763 0.87473395 0.74008902 0.60331397 0.46853012 0.34093843 0.22651216 0.13141784 0.061216063 0.019999083 0.0096949264 0.029752297 0.07730391 0.1477415 0.23550938 0.33489222 0.44063096 0.54829699 0.65443871
2.1785986 2.2643215 2.3362538 2.3958628 2.4445079 2.4834091 2.5136403 2.536137 2.5517098 2.5610602 2.5647967 2.5634497 2.5574838 2.5473095 2.5332915 2.5157561 2.4949962 2.4712751 2.4448281 2.4158632 2.3845603 2.3510688 2.3155043 2.2779446 2.2384238 2.1969272 2.1533849 2.1076656 2.0595705 2.008829 1.9550939 1.8979406 1.8368673 1.7713008 1.7006069 1.6241098 1.5411218 1.4509895 1.3531597 1.247272 1.1332812 1.011613 0.8833467 0.75040658 0.6157269 0.48333288 0.35826497 0.24627819 0.15328796 0.084612886 0.044161894 0.033779227 0.052945732 0.098928029 0.16731574 0.25276914 0.34976834 0.4532061 0.55875501 0.66301865
2.1857898 2.2698667 2.3406532 2.399491 2.4476466 2.486272 2.5163923 2.5389081 2.5546048 2.5641659 2.5681866 2.5671866 2.5616218 2.5518945 2.5383615 2.5213404 2.5011152 2.477939 2.452036 2.4236026 2.392806 2.3597827 2.3246357 2.2874303 2.2481897 2.2068903 2.1634556 2.1177516 2.069581 2.0186796 1.9647126 1.907274 1.8458878 1.7800139 1.7090592 1.6323968 1.5493961 1.4594679 1.3621288 1.2570905 1.1443772 1.0244725 0.89848981 0.76834766 0.63691695 0.50808578 0.38667654 0.27815475 0.18810702 0.12153732 0.082117092 0.071582358 0.089456909 0.1331848 0.1986203 0.28071666 0.37422408 0.47425049 0.57661733 0.67801471
2.1976643 2.2792365 2.3481762 2.405672 2.4528728 2.4908422 2.5205394 2.5428161 2.5584214 2.5680118 2.5721616 2.5713743 2.5660924 2.5567067 2.5435632 2.5269694 2.5071989 2.4844941 2.4590684 2.4311068 2.4007649 2.3681677 2.3334073 2.2965386 2.2575766 2.2164908 2.1732014 2.1275744 2.0794169 2.0284742 1.9744272 1.9168919 1.8554217 1.7895139 1.7186209 1.6421699 1.5595931 1.4703713 1.3740972 1.2705597 1.159856 1.0425274 0.91971555 0.79331962 0.66612319 0.54184165 0.42503238 0.32081587 0.23439151 0.17039527 0.13222156 0.12147986 0.13774356 0.17866462 0.2404106 0.31828591 0.40736962 0.50303703 0.60129977 0.6989636
2.2138556 2.2921761 2.3586469 2.4142848 2.4601039 2.4970638 2.5260444 2.5478371 2.5631452 2.5725901 2.5767192 2.5760144 2.5709009 2.5617547 2.5489089 2.5326591 2.5132673 2.490965 2.4659546 2.43841 2.4084765 2.3762686 2.3418689 2.3053244 2.2666432 2.225791 2.1826868 2.137199 2.0891422 2.0382739 1.9842933 1.9268416 1.8655048 1.7998207 1.7292909 1.6534009 1.5716494 1.4835913 1.3888985 1.2874398 1.1793848 1.0653292 0.94643462 0.82456618 0.70239827 0.58344449 0.47196205 0.37268784 0.29039581 0.22932063 0.19255538 0.18157125 0.19599391 0.23370066 0.2912022 0.36419236 0.44812047 0.53866863 0.63207228 0.72527865
2.233914 2.3083635 2.371835 2.425165 2.4692227 2.5048537 2.5328487 2.55393 2.5687479 2.5778823 2.5818481 2.5811015 2.576047 2.5670428 2.554407 2.5384218 2.519337 2.4973725 2.4727197 2.4455421 2.415975 2.3841239 2.3500634 2.3138339 2.2754389 2.2348422 2.1919636 2.1466768 2.0988055 2.0481221 1.9943467 1.9371479 1.8761468 1.8109245 1.7410344 1.6660225 1.5854563 1.4989667 1.4063055 1.3074202 1.20255 1.0923382 0.97795581 0.86121937 0.74467508 0.63161282 0.52596647 0.43206733 0.35424513 0.29631864 0.26106962 0.24982549 0.26226377 0.29649252 0.34937803 0.41702267 0.49527015 0.58013552 0.66810318 0.7562834
2.2573351 2.327428 2.3874687 2.4381136 2.4800838 2.5141054 2.5408744 2.5610384 2.575189 2.5838597 2.587529 2.5866238 2.5815246 2.57257 2.5600612 2.5442658 2.5254206 2.5037333 2.4793846 2.4525279 2.4232893 2.3917663 2.3580266 2.3221056 2.2840041 2.2436853 2.2010724 2.1560456 2.1084403 2.0580457 2.0046044 1.9478146 1.8873343 1.8227894 1.7537867 1.6799337 1.6008673 1.5162939 1.4260432 1.330138 1.2288808 1.1229538 1.0135259 0.90235067 0.79183088 0.685018 0.58551098 0.49722859 0.42405445 0.36939309 0.33571725 0.32421064 0.33459966 0.36521888 0.41328768 0.47531931 0.54756017 0.62637176 0.70850375 0.79124614
2.2835859 2.3489697 2.4052486 2.4529067 2.4925197 2.524694 2.5500285 2.5690931 2.5824171 2.590485 2.5937352 2.592563 2.5873226 2.5783311 2.5658716 2.5501958 2.5315268 2.5100605 2.4859663 2.4593881 2.4304433 2.3992226 2.3657878 2.3301707 2.2923705 2.252352 2.2100427 2.1653316 2.1180672 2.0680567 2.0150671 1.9588275 1.8990337 1.8353573 1.7674586 1.6950065 1.6177061 1.5353368 1.4478023 1.3551947 1.2578718 1.1565442 1.0523667 0.94701711 0.84274343 0.74235119 0.64910294 0.56651071 0.49802398 0.44664756 0.41455699 0.40279686 0.41113796 0.43812967 0.48133046 0.5376531 0.60374163 0.67630608 0.75236932 0.82941253
2.3121295 2.3725769 2.4248602 2.4693047 2.5063483 2.5364809 2.5602057 2.5780142 2.5903723 2.597713 2.6004336 2.5988954 2.593425 2.5843166 2.571834 2.5562125 2.5376611 2.5163631 2.4924775 2.4661386 2.4374561 2.4065142 2.3733702 2.3380533 2.3005625 2.260865 2.2188947 2.1745502 2.1276944 2.078154 2.0257211 1.9701564 1.9111939 1.8485509 1.7819405 1.7110914 1.635774 1.5558369 1.4712521 1.3821734 1.289004 1.1924723 1.093707 0.99429961 0.8963362 0.80237523 0.71534992 0.63838136 0.5745072 0.52635635 0.49582584 0.48382903 0.49017571 0.51361357 0.55201787 0.6026795 0.6626245 0.72890395 0.79881437 0.87003425
2.3424442 2.3978412 2.4459856 2.487061 2.5213785 2.5493186 2.5712922 2.5877141 2.5989872 2.6054928 2.6075857 2.6055927 2.5998117 2.5905132 2.5779409 2.5623134 2.5438251 2.5226469 2.4989273 2.4727916 2.4443423 2.4136577 2.3807915 2.3457712 2.3085968 2.2692394 2.2276396 2.183707 2.1373198 2.088325 2.0365403 1.9817579 1.92375 1.8622785 1.7971078 1.7280235 1.6548579 1.577523 1.4960524 1.4106526 1.3217626 1.2301169 1.1368077 1.0433322 0.9516113 0.86396074 0.78299824 0.71147702 0.6520522 0.60700655 0.57798162 0.56576956 0.57021359 0.5902404 0.62401478 0.66917745 0.72311326 0.78319945 0.84700012 0.91239243
2.3740392 2.4243701 2.4683132 2.5059295 2.5374167 2.5630552 2.583169 2.5981 2.6081895 2.613768 2.6151484 2.6126223 2.6064588 2.596904 2.5841816 2.5684927 2.5500174 2.5289143 2.5053214 2.4793554 2.451112 2.4206646 2.3880638 2.3533365 2.3164843 2.2774828 2.2362807 2.1927992 2.1469322 2.0985473 2.047488 1.9935776 1.9366257 1.876437 1.8128247 1.7456282 1.6747366 1.6001193 1.5218634 1.4402193 1.355651 1.2688893 1.1809806 1.0933223 1.0076706 0.92610742 0.85095368 0.78462248 0.72941981 0.68731521 0.65971988 0.64731601 0.64997482 0.66678172 0.69616125 0.73607195 0.78422934 0.83831661 0.89615427 0.95581516
2.4064645 2.4517961 2.4915455 2.5256709 2.5542717 2.5775381 2.5957151 2.6090758 2.6179035 2.6224795 2.6230754 2.6199485 2.6133392 2.6034693 2.5905421 2.5747418 2.5562337 2.5351645 2.5116619 2.4858345 2.4577716 2.4275423 2.3951948 2.3607559 2.3242296 2.2855967 2.2448146 2.2018164 2.1565123 2.1087902 2.058519 2.0055526 1.9497361 1.8909154 1.8289492 1.7637263 1.6951875 1.6233526 1.5483545 1.4704778 1.3902021 1.308245 1.2256003 1.1435624 1.0637264 0.98795281 0.9182876 0.85683401 0.80558396 0.76622759 0.73997137 0.72739918 0.72840526 0.74221366 0.76747857 0.80244283 0.84512194 0.8934814 0.94558323 0.99968937
2.4393181 2.4797834 2.515405 2.5460581 2.5717586 2.5926179 2.6088099 2.6205449 2.6280518 2.6315655 2.631318 2.6275333 2.6204235 2.6101868 2.5970063 2.5810493 2.562467 2.5413939 2.5179481 2.4922303 2.464324 2.4342943 2.4021877 2.3680314 2.3318323 2.2935772 2.253232 2.2107423 2.1660343 2.1190163 2.0695817 2.0176135 1.962991 1.9055981 1.8453358 1.782138 1.7159908 1.6469581 1.5752101 1.5010571 1.4249853 1.3476911 1.2701107 1.1934348 1.1191038 1.0487715 0.98423223 0.92731061 0.87971937 0.84290235 0.8178862 0.8051679 0.80466035 0.81570729 0.83716346 0.86752282 0.90506947 0.94802579 0.99467791 1.0434675
2.4722484 2.5080311 2.5396381 2.5668796 2.5897024 2.6081508 2.622336 2.6324117 2.638557 2.6409636 2.6398261 2.6353368 2.6276805 2.6170323 2.6035559 2.587402 2.5687079 2.5475965 2.5241765 2.4985413 2.4707687 2.4409205 2.4090419 2.3751608 2.3392877 2.3014152 2.2615184 2.2195552 2.1754674 2.1291831 2.0806193 2.0296867 1.9762963 1.9203674 1.8618395 1.8006863 1.7369343 1.6706837 1.6021348 1.5316154 1.4596105 1.3867892 1.3140264 1.2424112 1.1732372 1.1079673 1.0481687 0.99541774 0.95118155 0.91668889 0.89280996 0.87996571 0.87808397 0.8866108 0.90457436 0.93068815 0.96347413 1.0013857 1.0429143 1.0866699
2.5049546 2.5362754 2.5640174 2.5879418 2.6079403 2.6240009 2.6361805 2.6445831 2.6493429 2.6506116 2.6485494 2.6433183 2.6350776 2.6239802 2.610171 2.5937846 2.574945 2.5537641 2.5303413 2.5047632 2.4771024 2.4474178 2.4157533 2.3821384 2.3465869 2.3090978 2.2696552 2.2282289 2.1847763 2.139244 2.0915716 2.0416957 1.9895565 1.9351059 1.8783175 1.8192006 1.7578156 1.6942931 1.6288561 1.5618427 1.4937302 1.4251558 1.3569316 1.2900481 1.2256618 1.1650614 1.1096107 1.060667 1.0194829 0.98710099 0.9642563 0.95130386 0.94818325 0.95442739 0.96921321 0.9914445 1.0198519 1.0530946 1.0898499 1.1288838
2.5371842 2.564289 2.5883424 2.6090709 2.6263233 2.6400417 2.6502372 2.6569704 2.6603355 2.6604484 2.6574375 2.651437 2.6425816 2.6310038 2.6168302 2.6001804 2.5811653 2.5598864 2.5364346 2.5108895 2.4833193 2.45378 2.4223151 2.3889551 2.353718 2.3166087 2.2776203 2.2367342 2.1939226 2.1491498 2.1023763 2.053563 2.0026766 1.9496983 1.8946322 1.837518 1.7784449 1.7175678 1.6551258 1.5914615 1.527039 1.4624604 1.3984751 1.3359795 1.2760033 1.2196781 1.1681865 1.1226942 1.0842679 1.0537897 1.0318789 1.0188335 1.0146024 1.0187917 1.0307052 1.0494105 1.07382 1.1027744 1.135118 1.1697595
2.5687305 2.59188 2.6124394 2.6301129 2.644717 2.6561573 2.664407 2.6694896 2.6714644 2.6704151 2.6664415 2.6596521 2.6501593 2.6380757 2.6235114 2.6065714 2.5873544 2.5659519 2.5424464 2.5169117 2.4894114 2.459999 2.4287177 2.3955996 2.3606662 2.3239288 2.2853889 2.2450393 2.2028657 2.1588495 2.1129704 2.0652112 2.0155631 1.9640329 1.9106516 1.855485 1.7986458 1.7403078 1.6807207 1.6202262 1.5592716 1.4984218 1.4383647 1.3799084 1.3239665 1.2715294 1.2236205 1.1812382 1.1452891 1.1165178 1.0954447 1.0823193 1.0770974 1.0794467 1.0887785 1.1043007 1.1250829 1.1501249 1.1784198 1.2090053
2.5994277 2.6188891 2.6361607 2.6509336 2.663002 2.672243 2.6785991 2.6820626 2.6826628 2.6804552 2.6755138 2.6679239 2.6577774 2.6451687 2.630192 2.6129389 2.5934968 2.5719474 2.5483657 2.5228196 2.4953688 2.4660646 2.4349496 2.4020579 2.3674146 2.3310369 2.2929344 2.2531104 2.2115639 2.1682914 2.1232906 2.0765642 2.0281251 1.9780029 1.9262516 1.8729588 1.8182564 1.7623321 1.7054417 1.6479218 1.5902 1.5328034 1.4763607 1.4215977 1.3693229 1.3204011 1.2757157 1.2361206 1.2023848 1.1751359 1.1548102 1.1416154 1.135513 1.1362222 1.143245 1.1559088 1.1734186 1.1949129 1.219516 1.2463817
2.6291463 2.6451875 2.6593826 2.6714182 2.6810736 2.6882052 2.692731 2.6946176 2.6938686 2.6905155 2.6846091 2.6762141 2.6654035 2.6522553 2.6368491 2.6192639 2.5995762 2.577859 2.5541801 2.5286018 2.5011803 2.4719647 2.4409977 2.4083147 2.3739445 2.33791 2.3002284 2.260913 2.2199745 2.1774239 2.1332749 2.087548 2.0402755 1.9915067 1.9413154 1.8898072 1.8371289 1.7834781 1.7291128 1.6743614 1.6196301 1.5654082 1.5122685 1.4608611 1.4118997 1.3661382 1.324338 1.2872283 1.2554604 1.2295627 1.2099 1.1966448 1.1897627 1.1890159 1.193983 1.2040925 1.2186656 1.2369609 1.2582179 1.2816941
2.6577891 2.6706729 2.6820036 2.6914695 2.6988417 2.7039617 2.7067288 2.7070891 2.7050248 2.7005462 2.6936845 2.6844858 2.6730064 2.6593091 2.6434601 2.6255268 2.6055759 2.5836719 2.5598761 2.5342458 2.5068334 2.4776864 2.4468473 2.4143532 2.3802362 2.3445243 2.307242 2.2684117 2.2280551 2.186196 2.1428626 2.0980914 2.0519314 2.0044492 1.9557348 1.9059088 1.8551295 1.8036005 1.7515793 1.6993837 1.6473975 1.5960735 1.545932 1.4975542 1.4515692 1.4086332 1.3694021 1.3344977 1.3044713 1.2797669 1.2606894 1.2473812 1.239811 1.2377769 1.2409216 1.2487596 1.2607107 1.2761373 1.2943796 1.3147866
2.685286 2.6952669 2.7039423 2.711007 2.7162292 2.7194408 2.7205274 2.7194185 2.7160789 2.7105014 2.7026999 2.6927043 2.680556 2.666304 2.6500026 2.6317084 2.611479 2.5893712 2.5654401 2.5397382 2.5123148 2.4832157 2.4524832 2.4201558 2.3862688 2.3508552 2.3139458 2.2755714 2.2357637 2.1945579 2.1519953 2.1081264 2.0630146 2.0167412 1.96941 1.9211532 1.8721376 1.8225705 1.772706 1.7228501 1.673364 1.6246656 1.5772269 1.5315668 1.4882393 1.4478154 1.4108595 1.3779019 1.3494089 1.3257535 1.3071897 1.2938345 1.2856594 1.2824918 1.2840285 1.289856 1.2994786 1.3123474 1.3278898 1.3455358
2.7115901 2.7189116 2.7251352 2.7299655 2.733172 2.7345814 2.7340696 2.7315535 2.7269841 2.7203393 2.7116183 2.7008372 2.6880238 2.6732154 2.656455 2.6377897 2.6172686 2.5949415 2.5708577 2.5450653 2.5176106 2.4885379 2.4578891 2.4257043 2.3920215 2.3568779 2.3203106 2.2823575 2.2430594 2.2024618 2.1606173 2.1175886 2.0734517 2.0283002 1.9822491 1.9354398 1.8880451 1.8402737 1.7923748 1.7446416 1.6974134 1.6510753 1.6060548 1.5628156 1.5218453 1.4836409 1.4486884 1.4174398 1.3902898 1.3675513 1.3494357 1.3360389 1.327334 1.3231733 1.3232981 1.3273561 1.3349225 1.3455246 1.3586652 1.3738445
2.7366738 2.7415668 2.7455343 2.7482932 2.7496173 2.7493318 2.7473063 2.7434485 2.7376984 2.7300218 2.7204058 2.7088541 2.6953833 2.6800197 2.6627966 2.6437523 2.6229282 2.6003676 2.5761146 2.5502132 2.5227068 2.4936381 2.463049 2.4309804 2.397473 2.3625679 2.3263074 2.2887361 2.2499027 2.2098617 2.1686756 2.1264176 2.0831745 2.0390499 1.9941682 1.9486778 1.9027554 1.8566094 1.810483 1.7646565 1.7194481 1.6752127 1.632338 1.591238 1.5523431 1.5160858 1.4828852 1.4531273 1.427146 1.4052039 1.387477 1.3740431 1.3648767 1.3598505 1.3587433 1.3612535 1.3670166 1.3756241 1.3866438 1.3996369
2.7605255 2.7632075 2.7651053 2.7659503 2.7655229 2.7636492 2.7601957 2.7550638 2.7481847 2.739515 2.7290314 2.7167274 2.7026096 2.6866947 2.6690075 2.6495783 2.6284416 2.6056347 2.5811967 2.555168 2.5275891 2.4985015 2.4679463 2.4359658 2.4026026 2.3679011 2.3319084 2.2946748 2.2562559 2.2167141 2.1761204 2.1345569 2.0921195 2.0489204 2.005091 1.9607852 1.916182 1.8714883 1.8269408 1.7828072 1.7393858 1.6970041 1.6560142 1.616787 1.5797027 1.545139 1.513458 1.4849899 1.4600176 1.4387621 1.4213694 1.4079025 1.3983369 1.3925621 1.3903877 1.3915548 1.395749 1.4026165 1.4117802 1.4228536
