Example_Dataset/contamination rasters/probe_idw2.asc
NCOLS 300
NROWS 300
XLLCORNER 35034900
YLLCORNER 54060100
DX 8.0016667
DY 5.6689333
NODATA_VALUE -9999
[rows 156 to 181 of 300, columns 60 to 119 of 300]
5.7740987 5.8862568 5.9823388 6.0616052 6.1246681 6.1736473 6.2119067 6.2435134 6.2726471 6.3031371 6.3382026 6.3803797 6.4315754 6.4931841 6.5662192 6.6514302 6.7493932 6.8605674 6.9853166 7.1238936 7.2763842 7.4426071 7.6219661 7.8132553 8.0144242 8.222328 8.4325071 8.6390705 8.8347744 9.0113912 9.1604157 9.2740642 9.3463952 9.3742777 9.3579254 9.3008295 9.2091149 9.0905303 8.9533564 8.8054799 8.6537694 8.5037693 8.3596521 8.2243373 8.0996931 7.9867589 7.8859498 7.7972287 7.7202416 7.6544211 7.5990676 7.5534174 7.5167026 7.4882075 7.467317 7.4535477 7.4465488 7.4460568 7.4517936 7.4633074
5.9719078 6.0892294 6.1875301 6.2654508 6.3234661 6.3641516 6.3917861 6.4115445 6.4286523 6.4477661 6.4726662 6.5062124 6.5504596 6.6068417 6.6763587 6.7597367 6.8575468 6.9702798 7.098379 7.2422282 7.4020927 7.5780069 7.7696022 7.9758684 8.1948542 8.4233265 8.6564415 8.8875171 9.1080388 9.308042 9.4769691 9.6049703 9.6844275 9.7113054 9.6859066 9.6127693 9.4997522 9.3566273 9.1936088 9.020167 8.8442908 8.6721907 8.5083322 8.3556606 8.2159049 8.0898817 7.9777604 7.8792753 7.7938856 7.7208928 7.6595286 7.6090211 7.5686507 7.5377955 7.5159657 7.5028183 7.4981395 7.5017793 7.5135292 7.5329349
6.1763755 6.3012344 6.4036174 6.4810513 6.5336935 6.564747 6.5797964 6.5855516 6.5886152 6.5946611 6.6080964 6.6320869 6.6687771 6.7195691 6.7853847 6.8668747 6.9645703 7.0789772 7.2106193 7.3600316 7.5276993 7.7139352 7.9186828 8.1412328 8.3798491 8.6313185 8.8904779 9.1498304 9.3994242 9.627214 9.820081 9.965521 10.05372 10.079451 10.043151 9.9507628 9.8124269 9.6405123 9.4476337 9.2451423 9.0422782 8.8459239 8.6607676 8.4896782 8.3341381 8.1946457 8.0710466 7.9627858 7.8690902 7.7890968 7.7219421 7.666827 7.6230645 7.5901169 7.5676177 7.5553726 7.5533267 7.5614819 7.5797512 7.6077401
6.3874407 6.5229367 6.6318801 6.7099304 6.756695 6.7763089 6.7762561 6.765369 6.7520356 6.7431411 6.7437509 6.757276 6.7858536 6.8307563 6.8927443 6.9723312 7.0699673 7.1861533 7.3214932 7.4766928 7.6524998 7.8495727 8.0682633 8.3082872 8.5682696 8.8451663 9.1336092 9.4253045 9.7087127 9.9693269 10.190854 10.357389 10.456244 10.48062 10.43115 10.315659 10.147284 9.9417092 9.7145006 9.4792081 9.24643 9.0236806 8.8157549 8.6253041 8.4534301 8.3002002 8.1650481 8.0470641 7.9451962 7.8583834 7.7856439 7.7261339 7.6791888 7.6443498 7.6213768 7.6102383 7.6110665 7.6240597 7.6493133 7.6865653
6.6047274 6.755121 6.8740448 6.9541449 6.9942159 6.9998872 6.9814579 6.9506892 6.9182364 6.8923667 6.8787713 6.8809824 6.9009845 6.9397917 6.9979017 7.0756191 7.1732684 7.2913215 7.4304602 7.5915799 7.7757318 7.98399 8.2172169 8.4756933 8.7585812 9.0631992 9.3841473 9.7124156 10.034765 10.333827 10.589417 10.781302 10.893045 10.915779 10.850418 10.707299 10.503467 10.258801 9.9924502 9.7204791 9.4549025 9.2037656 8.9717981 8.761252 8.5726889 8.4056185 8.2589686 8.1314087 8.0215625 7.9281404 7.8500217 7.7863054 7.7363413 7.6997487 7.6764205 7.6665053 7.6703542 7.6884104 7.7210202 7.7681386
6.8273997 6.9987419 7.1324283 7.2163745 7.2483602 7.2365522 7.1954721 7.140883 7.0862303 7.041255 7.012137 7.0023179 7.0134289 7.0460647 7.1003447 7.1762867 7.2740408 7.3940258 7.5369965 7.7040525 7.8965866 8.1161548 8.3642334 8.6418176 8.9488039 9.2831116 9.6395485 10.00855 10.375135 10.718687 11.014326 11.236374 11.363545 11.384265 11.299843 11.123939 10.878645 10.589078 10.278652 9.9662297 9.6652263 9.3840384 9.1270988 8.8960405 8.690706 8.5099137 8.3519919 8.2151273 8.0975784 7.9978021 7.9145233 7.8467744 7.7939159 7.7556466 7.7320006 7.7233252 7.7302222 7.7534306 7.7936187 7.8510524
7.0540215 7.2550411 7.4101274 7.4999623 7.521411 7.4870804 7.417824 7.3347463 7.2545555 7.1883896 7.1426229 7.1202904 7.1224109 7.1489736 7.1995953 7.2739282 7.3719008 7.4938543 7.6406091 7.8134788 8.0142278 8.2449507 8.5078333 8.8047311 9.1364841 9.501883 9.8962477 10.309716 10.725626 11.119789 11.461786 11.719203 11.864576 11.882829 11.775814 11.56152 11.268454 10.928144 10.568957 10.212761 9.8742477 9.5619006 9.2795673 9.0280154 8.8061812 8.6120623 8.4433028 8.2975536 8.1726777 8.0668605 7.9786636 7.9070484 7.8513856 7.8114563 7.7874446 7.7799129 7.7897435 7.8180178 7.8657967 7.9337539
7.2824531 7.5257386 7.7111766 7.8087425 7.8153386 7.7513613 7.6469934 7.5301677 7.4210917 7.3319374 7.2687744 7.233805 7.2271313 7.2479397 7.2952233 7.368197 7.4665267 7.5904533 7.7408534 7.9192571 8.1278177 8.3692092 8.6464021 8.9622402 9.3187061 9.7157447 10.14954 10.610285 11.079833 11.530229 11.924705 12.222734 12.389144 12.404421 12.271141 12.012806 11.665878 11.26953 10.857697 10.455316 10.078119 9.7343219 9.4268632 9.1553914 8.9177611 8.7110366 8.5321124 8.3780678 8.2463529 8.1348755 8.0420321 7.9667147 7.9083063 7.8666745 7.8421602 7.8355538 7.8480405 7.8810829 7.9361963 8.0145537
7.5098154 7.813195 8.0403814 8.1462647 8.1306802 8.0273676 7.8797061 7.7237385 7.5828914 7.4696 7.3889122 7.3416874 7.3267933 7.3424295 7.3868645 7.4588213 7.5576735 7.6835436 7.8373529 8.0208415 8.2365526 8.4877554 8.7782488 9.111955 9.4921612 9.9202261 10.393563 10.902844 11.428784 11.939658 12.391723 12.735001 12.925022 12.936817 12.773881 12.46651 12.060706 11.604419 11.137586 10.688103 10.272365 9.8979226 9.5664736 9.2763195 9.0240922 8.8058461 8.6176896 8.4561189 8.3181723 8.2014864 8.1043009 8.0254453 7.964321 7.920886 7.8956419 7.8896135 7.9043012 7.941573 8.0034429 8.0916581
7.7324847 8.120088 8.402025 8.5136293 8.4643407 8.3095733 8.1100677 7.9103923 7.7360877 7.598634 7.5011849 7.4427364 7.4206438 7.4319849 7.4742421 7.5456201 7.6451869 7.772936 7.9298201 8.1177717 8.3397054 8.5994698 8.9016915 9.251403 9.6532898 10.110315 10.62144 11.178265 11.760833 12.333904 12.84646 13.238052 13.453494 13.461398 13.266367 12.906683 12.439248 11.921616 11.399842 10.904457 10.452057 10.049123 9.6958334 9.3889784 9.1238896 8.8955866 8.6993963 8.5312499 8.3877967 8.2664235 8.165232 8.083003 8.0191646 7.9737692 7.9474793 7.9415517 7.9578008 7.9985046 8.0661939 8.1632343
7.9458329 8.4472506 8.7956658 8.9047074 8.805954 8.5869635 8.3287844 8.08325 7.8759753 7.7159838 7.603686 7.5358087 7.5080311 7.5162604 7.5571909 7.6285203 7.7290185 7.858548 8.0180779 8.2097053 8.4366741 8.7033615 9.0151667 9.3781892 9.7985063 10.280757 10.825657 11.426109 12.062021 12.695167 13.267461 13.707595 13.948817 13.952655 13.724945 13.312742 12.784617 12.207944 11.634597 11.09721 10.612105 10.184367 9.812487 9.4916898 9.2160174 8.9794967 8.7767262 8.6031242 8.454997 8.32952 8.2246854 8.1392458 8.0726675 8.0251011 7.9973654 7.9909375 8.0079285 8.0510066 8.1232045 8.2275056
8.1428615 8.7867558 9.2063297 9.2979264 9.1333594 8.8414357 8.5230114 8.2339343 7.9973684 7.8185573 7.6946388 7.619935 7.5884739 7.5950635 7.6356816 7.7075721 7.8092378 7.9404174 8.1020807 8.2964494 8.5270335 8.7986497 9.1173572 9.4901932 9.9244978 10.426498 10.998679 11.635462 12.317113 13.003179 13.629355 14.114086 14.379245 14.379225 14.121085 13.660646 13.07785 12.449229 11.831676 11.259276 10.747674 10.300407 9.9142826 9.5830491 9.2995762 9.0570164 8.849344 8.6715517 8.519672 8.3907226 8.2826255 8.1941314 8.1247602 8.0747629 8.045106 8.0374656 8.0542155 8.098369 8.1734064 8.2828766
8.3105089 9.1074916 9.589042 9.6474531 9.4101742 9.0483745 8.6775922 8.3536063 8.0952896 7.9036415 7.7726349 7.6944535 7.6617347 7.6683948 7.7098423 7.7829626 7.8860434 8.0187157 8.1819326 8.3779915 8.6105846 8.8848449 9.2073248 9.585784 10.02857 10.543229 11.1338 11.79619 12.511359 13.237535 13.905709 14.425946 14.710409 14.707227 14.42448 13.925566 13.300051 12.631895 11.981733 11.384409 10.854684 10.394628 9.9995803 9.662059 9.3739903 9.1278438 8.917123 8.7365133 8.5818639 8.4501016 8.3391271 8.2477215 8.1754752 8.122743 8.090626 8.08097 8.0963626 8.1400912 8.2159924 8.328072
8.4254244 9.3419182 9.8613521 9.8851077 9.5913453 9.1815088 8.7781966 8.4347429 8.1659189 7.9693964 7.8368887 7.7591393 7.7278859 7.736481 7.7799755 7.8550248 7.9597704 8.0937567 8.2579026 8.4545243 8.6873969 8.961821 9.2846313 9.6640255 10.108993 10.627963 11.226086 11.900449 12.632819 13.381035 14.073471 14.614949 14.911198 14.906033 14.608137 14.085963 13.435387 12.745018 12.07758 11.468048 10.930331 10.465367 10.067449 9.7282528 9.439085 9.1919852 8.9801772 8.7981821 8.6417716 8.5078594 8.3943804 8.3001831 8.2249485 8.1691387 8.1339744 8.1214349 8.1342607 8.1759235 8.2504918 8.362271
8.4603386 9.4083842 9.934861 9.9476359 9.6404218 9.222073 8.815767 8.4732194 8.2075599 8.0153044 7.8874466 7.8143022 7.7873536 7.7997942 7.8465664 7.9242424 8.0308936 8.1660027 8.3304345 8.5264632 8.7578396 9.029868 9.3494301 9.7248353 10.16528 10.679529 11.273234 11.944138 12.674719 13.423299 14.118071 14.66268 14.960983 14.955334 14.654441 14.128208 13.474284 12.782387 12.115451 11.508065 10.973526 10.512176 10.117822 9.7817877 9.4951452 9.2497922 9.0388859 8.8569393 8.6997613 8.5643363 8.4486935 8.3517897 8.2734192 8.2141555 8.1753236 8.1589975 8.1680032 8.2058938 8.2768252 8.3852119
8.4075036 9.281445 9.784321 9.8194567 9.5503185 9.1677956 8.7902432 8.4698382 8.2212698 8.0424289 7.9252914 7.8608253 7.8409301 7.8590538 7.9102811 7.9912469 8.1000273 8.2360652 8.4001513 8.5944552 8.822596 9.089718 9.4025128 9.7690698 10.198342 10.698857 11.276101 11.927865 12.637131 13.363497 14.037458 14.565838 14.855659 14.851043 14.560121 14.050244 13.415854 12.743982 12.095863 11.505251 10.985168 10.535965 10.151579 9.8234964 9.5429474 9.301983 9.0939082 8.9133844 8.7563728 8.6200142 8.5024941 8.4029204 8.321226 8.2581025 8.2149655 8.1939451 8.197885 8.2303144 8.2953264 8.3972433
8.2893925 9.0222731 9.4743703 9.5470771 9.3493042 9.0350427 8.711239 8.4304979 8.2108663 8.053379 7.9523018 7.9001317 7.8897481 7.9152078 7.9719543 8.0568106 8.1679202 8.304703 8.4678528 8.6593761 8.8826602 9.1425396 9.4453011 9.7985146 10.210488 10.688995 11.23877 11.857117 12.527351 13.211075 13.843319 14.337969 14.609714 14.607342 14.337931 13.862756 13.268593 12.63635 12.02379 11.463387 10.968163 10.539015 10.170553 9.8548863 9.583761 9.3496451 9.1461861 8.968338 8.8123223 8.6755178 8.5563282 8.4540569 8.3688028 8.3013854 8.2533009 8.226702 8.2243873 8.2497647 8.3067241 8.3993083
8.1379189 8.7183093 9.1036852 9.2064652 9.0856279 8.8520963 8.5950951 8.3648446 8.1822736 8.0519721 7.9710694 7.9340798 7.93522 7.9693968 8.0325671 8.1218326 8.2354472 8.3728148 8.5345089 8.7223194 8.9393169 9.1899021 9.4797842 9.8157798 10.205243 10.654822 11.168082 11.741515 12.358757 12.984086 13.558799 14.006651 14.253123 14.253683 14.014097 13.587213 13.049003 12.47168 11.908067 11.388868 10.927195 10.524829 10.177437 9.8780891 9.6193193 9.39422 9.1969379 9.0228395 8.8685006 8.7316129 8.6108577 8.5057787 8.4166708 8.3444958 8.2908254 8.2578093 8.2481496 8.265051 8.3120843 8.3928596
7.9757193 8.4259945 8.7440455 8.8617248 8.8055369 8.6487206 8.4600917 8.2840511 8.1424564 8.0426997 7.9846182 7.9648104 7.9789504 8.0229035 8.093218 8.1873212 8.3035973 8.4414298 8.6012465 8.784576 8.994106 9.2337139 9.5084139 9.8241192 10.187051 10.602527 11.072774 11.5934 12.148536 12.705723 13.213602 13.607249 13.824363 13.82798 13.622531 13.251497 12.778586 12.265862 11.760185 11.289968 10.868279 10.497867 10.175626 9.8957655 9.6517655 9.4374735 9.247642 9.0781383 8.9259686 8.7892028 8.6668557 8.5587564 8.4654295 8.3879973 8.3281101 8.287898 8.2699302 8.2771486 8.3127214 8.3797209
7.8154061 8.1672878 8.4279958 8.5492813 8.5408728 8.4485905 8.322347 8.1986921 8.098323 8.0301513 7.9960936 7.9945745 8.0226395 8.0770966 8.1550894 8.2543745 8.3734609 8.5116956 8.6693345 8.8476087 9.0487785 9.2761457 9.5339711 9.8272052 10.160885 10.538982 10.962429 11.426117 11.914989 12.40028 12.838382 13.17586 13.362528 13.368878 13.198163 12.884784 12.480235 12.036112 11.592789 11.175911 10.798195 10.463203 10.169013 9.9109839 9.6835819 9.4814559 9.3000153 9.1356829 8.9859506 8.8493226 8.7251998 8.6137435 8.5157442 8.4325096 8.3657785 8.3176567 8.2905596 8.2871314 8.3100905 8.3619179
7.6643076 7.9464008 8.1633541 8.2831099 8.3082641 8.2668741 8.1937496 8.1173777 8.0559057 8.0185385 8.0084886 8.0255734 8.0679887 8.1333751 8.2194152 8.3241598 8.4462152 8.5848654 8.7401665 8.9130249 9.1052488 9.3195479 9.5594272 9.8288973 10.131876 10.471118 10.846485 11.252467 11.67518 12.089783 12.460235 12.743799 12.90125 12.909756 12.771631 12.51328 12.175108 11.798814 11.418254 11.055966 10.723918 10.42617 10.161767 9.9270894 9.7175132 9.5284583 9.3559897 9.1971067 9.0498253 8.9131317 8.7868643 8.6715654 8.5683328 8.4786899 8.4044824 8.3477974 8.3108916 8.2960999 8.3056771 8.341507
7.5272822 7.7615764 7.9475399 8.0648229 8.1136655 8.1113687 8.0817656 8.0462702 8.0199358 8.0113942 8.0244467 8.0598349 8.116623 8.1931201 8.2874496 8.3978938 8.523111 8.6622856 8.815245 8.98255 9.16555 9.366375 9.5878181 9.8330379 10.104984 10.405424 10.733469 11.083586 11.443382 11.791946 12.100196 12.334744 12.465643 12.475653 12.3664 12.157716 11.880606 11.567998 11.247609 10.938705 10.652129 10.392045 10.158141 9.9475828 9.7564953 9.5809726 9.4176894 9.2642162 9.1191173 8.9819053 8.8529097 8.7331069 8.6239493 8.5272128 8.4448753 8.3790207 8.3317558 8.305113 8.3008979 8.3204267
7.4076659 7.6098731 7.775086 7.8908789 7.957126 7.9848238 7.9902684 7.9892393 7.9937689 8.0114516 8.0461545 8.0991322 8.1700349 8.2576566 8.3604428 8.4768268 8.6054604 8.7453849 8.8961673 9.0580064 9.2317971 9.4191244 9.6221451 9.8432976 10.084764 10.34761 10.630546 10.928377 11.230412 11.519495 11.772649 11.964284 12.071944 12.082852 11.99817 11.832599 11.609559 11.354591 11.089905 10.831525 10.588868 10.36581 10.162312 9.9760226 9.8035974 9.6416591 9.4874137 9.3389794 9.1954881 9.0570252 8.9244707 8.7992971 8.6833655 8.578748 8.4875863 8.4119834 8.3539146 8.315131 8.297021 8.3003857
7.3075447 7.4884867 7.640487 7.7562751 7.8360182 7.887044 7.9206288 7.9483229 7.9795312 8.0206591 8.0753137 8.1449475 8.2295511 8.3282276 8.4396215 8.5622284 8.6946275 8.8356663 8.9846165 9.1412987 9.3061627 9.4802949 9.6653103 9.8630808 10.075245 10.302457 10.54336 10.793392 11.043671 11.280478 11.486019 11.640991 11.728793 11.740103 11.675797 11.54671 11.370367 11.166316 10.952017 10.740425 10.539344 10.352007 10.178278 10.015959 9.8619836 9.7133258 9.5676253 9.4235186 9.2807276 9.1399674 9.0027413 8.8710909 8.7473502 8.633937 8.5331932 8.4472676 8.3780275 8.3269709 8.2951107 8.2827944
7.2279236 7.3949107 7.5389571 7.6560633 7.7468033 7.8163448 7.8726633 7.9242456 7.9783645 8.0402779 8.1131673 8.1984685 8.2963192 8.4059793 8.5261758 8.6553778 8.7920208 8.9347026 9.0823578 9.2344079 9.3908666 9.5523696 9.7200894 9.8954906 10.07989 10.273803 10.476094 10.683051 10.887612 11.079118 11.244065 11.368115 11.439154 11.450488 11.402839 11.304214 11.167671 11.008022 10.83875 10.670005 10.507877 10.354674 10.209807 10.070903 9.9348958 9.798921 9.6609472 9.5201048 9.3767443 9.2322879 9.0889554 8.9494469 8.8166442 8.6933671 8.5821962 8.4853537 8.4046226 8.3412772 8.2959966 8.2687351
7.1689331 7.3268486 7.4664651 7.5858312 7.6858602 7.7704195 7.845317 7.9168656 7.9906813 8.0710115 8.1605572 8.2606078 8.3713088 8.4919537 8.6212505 8.7575561 8.8990894 9.0441349 9.1912399 9.3393961 9.4881805 9.63782 9.7891378 9.9433435 10.101639 10.264641 10.431673 10.600023 10.764392 10.916798 11.047245 11.145272 11.202177 11.213252 11.179174 11.105916 11.003217 10.882214 10.753123 10.623586 10.497947 10.377352 10.260437 10.144322 10.025656 9.901537 9.7701631 9.6311528 9.4855529 9.3356028 9.1843611 9.0352983 8.8919316 8.7575434 8.6349917 8.5265961 8.4340751 8.3585035 8.3002628 8.2589641
