Example_Dataset/contamination rasters/probe_idw2.asc
NCOLS 300
NROWS 300
XLLCORNER 35034900
YLLCORNER 54060100
DX 8.0016667
DY 5.6689333
NODATA_VALUE -9999
[rows 104 to 129 of 300, columns 240 to 299 of 300]
1.6097271 1.5719658 1.5330815 1.4930527 1.4518379 1.409372 1.3655624 1.3202855 1.2733843 1.2246691 1.1739237 1.1209196 1.0654461 1.0073596 0.94666267 0.8836179 0.81889654 0.75374657 0.69013806 0.63080929 0.57911559 0.53860732 0.51236423 0.50226732 0.50849498 0.52947471 0.56230784 0.60346052 0.64943864 0.6972514 0.74461574 0.78995859 0.83230708 0.87114156 0.90625647 0.93764819 0.96543311 0.98979227 1.0109361 1.0290838 1.044452 1.0572495 1.0676767 1.0759259 1.0821836 1.0866329 1.089456 1.0908362 1.0909597 1.0900167 1.0882012 1.0857112 1.0827468 1.0795086 1.0761948 1.0729979 1.0701013 1.0676757 1.0658753 1.0648349
1.6138344 1.5760038 1.5370315 1.4968963 1.455557 1.4129483 1.3689774 1.3235196 1.2764167 1.2274771 1.176482 1.1232008 1.0674195 1.0089922 0.94792015 0.88446647 0.81930672 0.75369866 0.68962925 0.62986168 0.5777829 0.53697723 0.51055361 0.50040985 0.5067239 0.52790645 0.5610312 0.6025338 0.6488932 0.69709875 0.74485525 0.79058413 0.8333119 0.87252151 0.90801186 0.93978473 0.96796228 0.99273123 1.0143075 1.0329152 1.0487752 1.0621004 1.0730937 1.0819495 1.0888549 1.0939925 1.0975425 1.0996846 1.1005995 1.1004704 1.0994826 1.0978233 1.095681 1.0932433 1.0906945 1.0882135 1.0859701 1.0841226 1.0828141 1.0821705
1.6176897 1.5798056 1.5407685 1.5005601 1.459143 1.416456 1.3724109 1.3268884 1.2797361 1.2307691 1.1797761 1.126534 1.0708371 1.0125476 0.95167342 0.88848248 0.82365022 0.75842678 0.69478064 0.63544293 0.58375526 0.54324883 0.51698312 0.50682463 0.51294926 0.5337963 0.56648968 0.60752236 0.65342455 0.70122343 0.74864681 0.79412669 0.83669148 0.875821 0.91130871 0.9431504 0.97146269 0.99642769 1.0182577 1.037174 1.0533957 1.0671338 1.07859 1.087957 1.0954201 1.1011591 1.1053507 1.1081699 1.1097916 1.1103917 1.1101469 1.1092348 1.1078326 1.1061162 1.1042577 1.1024235 1.1007715 1.0994487 1.0985885 1.0983087
1.6212926 1.5833693 1.5442887 1.5040385 1.462588 1.4198845 1.3758493 1.3303745 1.283321 1.2345188 1.183773 1.1308787 1.0756491 1.017964 0.95784636 0.89557183 0.83181099 0.76778894 0.70542081 0.64735053 0.59680066 0.5571665 0.53138392 0.52124317 0.52691689 0.546916 0.57848817 0.61826667 0.66290727 0.70953023 0.75592042 0.80053638 0.84241146 0.88101735 0.91613294 0.94773734 0.97593096 1.0008814 1.0227887 1.0418641 1.0583184 1.072356 1.0841731 1.0939574 1.1018896 1.108145 1.1128952 1.1163096 1.1185567 1.1198049 1.1202226 1.1199779 1.1192382 1.1181684 1.1169295 1.1156767 1.1145574 1.1137085 1.1132546 1.1133063
1.6246398 1.5866887 1.5475827 1.5073179 1.4658737 1.4232094 1.3792609 1.3339373 1.2871195 1.23866 1.1883895 1.1361304 1.0817239 1.0250768 0.96623328 0.9054787 0.84347307 0.78139918 0.72108617 0.66504056 0.61630034 0.57805281 0.55304656 0.54295759 0.54795462 0.56665716 0.59649953 0.63432707 0.67698616 0.72173952 0.76646043 0.8096496 0.85034935 0.88801989 0.92241815 0.95349746 0.98133273 1.0060684 1.0278843 1.046975 1.0635375 1.0777648 1.0898437 1.099954 1.1082696 1.1149591 1.1201877 1.1241185 1.1269128 1.1287316 1.129735 1.1300824 1.1299315 1.1294375 1.1287513 1.1280182 1.1273758 1.1269521 1.126864 1.1272155
1.6277255 1.589754 1.5506359 1.5103779 1.4689721 1.4263936 1.382597 1.3375139 1.2910507 1.24309 1.1934952 1.1421243 1.0888548 1.0336269 0.97651075 0.91780182 0.8581428 0.79865757 0.74106017 0.68767722 0.64130877 0.60487723 0.580895 0.57089529 0.57504273 0.59209351 0.6197166 0.65502508 0.69510775 0.73741049 0.77992227 0.82120084 0.86030277 0.89667565 0.93004948 0.96034505 0.98760442 1.0119417 1.0335104 1.0524824 1.069036 1.0833491 1.0955957 1.1059451 1.1145617 1.1216064 1.1272368 1.1316083 1.1348753 1.1371907 1.1387069 1.1395746 1.1399428 1.1399576 1.1397609 1.1394887 1.1392702 1.1392253 1.139464 1.1400842
1.6305413 1.5925519 1.553429 1.5131913 1.4718465 1.4293883 1.3857939 1.3410214 1.2950086 1.2476732 1.1989183 1.1486437 1.0967692 1.0432737 0.98825581 0.9320193 0.87518222 0.81879435 0.76443041 0.7142042 0.67063894 0.63635294 0.61359024 0.60372318 0.60691233 0.62206832 0.64712576 0.67950248 0.71656592 0.75597541 0.79585758 0.8348408 0.87200238 0.9067785 0.93887007 0.96816128 0.9946564 1.0184342 1.0396167 1.058349 1.0747871 1.0890901 1.1014166 1.1119231 1.1207633 1.1280883 1.1340473 1.1387879 1.1424564 1.1451983 1.1471579 1.1484779 1.1492992 1.1497594 1.149992 1.1501251 1.1502799 1.1505694 1.1510971 1.1519558
1.6330769 1.5950664 1.5559385 1.5157259 1.4744532 1.4321354 1.3887751 1.3443606 1.2988651 1.2522464 1.2044518 1.1554281 1.1051416 1.0536126 1.0009685 0.94751878 0.89384911 0.84092216 0.790155 0.74342624 0.70295866 0.6710451 0.64964553 0.63996323 0.64215466 0.65529231 0.67759017 0.70678904 0.74055504 0.77678008 0.8137444 0.8501586 0.88512797 0.91808076 0.94868941 0.9768002 1.0023772 1.0254609 1.0461389 1.0645267 1.0807547 1.0949614 1.1072877 1.1178758 1.1268671 1.1344023 1.1406212 1.1456628 1.1496657 1.1527674 1.1551046 1.1568125 1.1580241 1.1588694 1.1594744 1.1599598 1.1604398 1.1610211 1.1618015 1.1628691
1.6353205 1.5972795 1.5581386 1.5179453 1.4767429 1.434569 1.391454 1.3474191 1.3024757 1.2566253 1.2098628 1.1621851 1.1136075 1.0641929 1.0140966 0.96362976 0.91333888 0.86408951 0.81712922 0.77408967 0.73688404 0.7074746 0.68753588 0.67810229 0.67932552 0.69043787 0.70993102 0.73586979 0.76622384 0.79912581 0.8330191 0.86670569 0.89932624 0.93030629 0.95929289 0.98609575 1.0106388 1.0329235 1.0530017 1.0709576 1.0868952 1.1009302 1.1131851 1.1237864 1.1328624 1.1405425 1.1469568 1.1522357 1.1565093 1.1599079 1.1625605 1.1645951 1.1661376 1.167311 1.1682342 1.1690214 1.1697807 1.1706129 1.1716108 1.1728582
1.6372595 1.5991717 1.5600012 1.5198107 1.4786627 1.4366186 1.3937377 1.3500758 1.3056846 1.2606112 1.2149003 1.1686007 1.1217779 1.074537 1.0270596 0.97965469 0.93282405 0.88732993 0.84424518 0.80495277 0.77105957 0.74420553 0.72578959 0.71668354 0.71703263 0.72621911 0.74299797 0.76574469 0.79272435 0.82230848 0.85310699 0.88401936 0.91422863 0.94316392 0.97045188 0.99586922 1.019302 1.0407138 1.0601212 1.0775772 1.0931588 1.1069588 1.1190805 1.1296342 1.1387347 1.1465 1.15305 1.1585062 1.162991 1.1666269 1.169536 1.1718394 1.1736564 1.1751035 1.1762934 1.1773343 1.1783288 1.1793726 1.1805541 1.1819532
1.6388811 1.6007235 1.561498 1.5212824 1.4801584 1.4382114 1.39553 1.3522054 1.3083302 1.2639981 1.2193048 1.1743515 1.1292538 1.0841586 1.0392716 0.99489689 0.95148835 0.9097029 0.87043995 0.83484057 0.80421868 0.77990991 0.76305508 0.75437321 0.75400012 0.76145203 0.77572338 0.7954761 0.81925217 0.84565186 0.87344912 0.90164406 0.92946794 0.95636024 0.98193353 1.0059368 1.0282222 1.0487183 1.0674087 1.0843163 1.0994919 1.1130057 1.1249422 1.1353956 1.144467 1.1522629 1.1588936 1.1644716 1.1691116 1.1729288 1.1760386 1.1785559 1.1805938 1.1822628 1.1836703 1.184919 1.1861065 1.1873241 1.1886562 1.1901794
1.6401729 1.601916 1.5626016 1.5223218 1.4811769 1.4392757 1.3967357 1.3536829 1.3102509 1.2665801 1.2228168 1.1791147 1.1356394 1.0925783 1.0501603 1.0086834 0.96855356 0.93032467 0.89472997 0.8626824 0.83522341 0.8134086 0.79814224 0.79000176 0.78910892 0.79509349 0.80715911 0.82422246 0.84507646 0.86853344 0.89352416 0.91914928 0.94469282 0.96961118 0.99350985 1.0161164 1.0372548 1.0568227 1.0747739 1.0911038 1.1058385 1.1190274 1.1307364 1.1410445 1.1500398 1.1578176 1.1644784 1.1701267 1.1748694 1.1788151 1.1820731 1.1847521 1.1869598 1.1888015 1.1903795 1.1917919 1.1931318 1.1944868 1.1959377 1.1975581
1.6411238 1.6027319 1.5632865 1.5228929 1.4816683 1.4397435 1.3972637 1.3543885 1.3112913 1.2681582 1.2251856 1.1825791 1.1405537 1.0993376 1.0591828 1.020383 0.98329902 0.94838908 0.91623255 0.88753324 0.86308517 0.8436911 0.83004153 0.82258283 0.82141606 0.82626118 0.83649698 0.85125874 0.86955956 0.89040268 0.91286454 0.93614363 0.9595796 0.98265174 1.0049656 1.0262345 1.0462602 1.0649153 1.0821277 1.0978686 1.1121425 1.1249792 1.1364281 1.1465537 1.1554321 1.1631482 1.1697933 1.1754641 1.1802607 1.1842852 1.1876413 1.1904325 1.1927614 1.1947286 1.1964321 1.1979658 1.1994192 1.2008763 1.202415 1.2041063
1.6417245 1.6031567 1.5635311 1.5229641 1.4815881 1.4395536 1.3970312 1.354212 1.3113073 1.2685471 1.2261769 1.1844534 1.1436411 1.1040102 1.0658383 1.0294186 0.99507449 0.96317968 0.93417644 0.90858218 0.88697062 0.86991927 0.85792628 0.85131534 0.85015788 0.85423879 0.86307619 0.87598577 0.89216768 0.91079207 0.93106737 0.95228489 0.97384124 0.99524375 1.0161049 1.036131 1.0551086 1.0728909 1.0893852 1.1045427 1.118349 1.1308172 1.1419822 1.1518955 1.1606223 1.1682379 1.1748257 1.180475 1.1852795 1.1893361 1.1927429 1.195599 1.1980024 1.2000499 1.2018356 1.2034498 1.204979 1.206504 1.2081004 1.2098368
1.6419683 1.6031793 1.5633183 1.5225103 1.4809 1.4386547 1.3959673 1.3530574 1.3101716 1.2675816 1.2255801 1.1844748 1.1445805 1.1062118 1.069677 1.0352766 1.0033079 0.97407535 0.94790472 0.92515189 0.90619779 0.89142049 0.88114412 0.8755747 0.87474263 0.87847115 0.88638148 0.89793145 0.91247445 0.92932248 0.94780063 0.9672865 0.98723363 1.0071816 1.0267562 1.0456639 1.063683 1.0806537 1.0964684 1.1110623 1.1244063 1.1364996 1.1473648 1.1570425 1.1655883 1.1730694 1.1795618 1.1851488 1.1899184 1.1939625 1.197375 1.2002507 1.202684 1.2047682 1.2065942 1.2082495 1.2098177 1.2113775 1.2130021 1.2147586
1.6418514 1.6027932 1.5626373 1.5215142 1.4795775 1.4370078 1.3940163 1.3508474 1.3077793 1.2651227 1.2232157 1.1824167 1.1430929 1.105608 1.0703085 1.0375137 1.0075098 0.98055217 0.95687314 0.93669327 0.92022701 0.90767564 0.89920316 0.89489874 0.89473753 0.89855363 0.9060357 0.91674644 0.93015956 0.94570398 0.96280565 0.98092095 0.99955939 1.018296 1.0367759 1.0547124 1.0718826 1.0881201 1.1033077 1.1173701 1.130267 1.1419873 1.1525437 1.1619681 1.1703084 1.1776247 1.1839873 1.189474 1.1941682 1.1981577 1.2015326 1.2043843 1.2068043 1.208883 1.2107088 1.2123668 1.2139384 1.2155006 1.2171248 1.2188766
1.6413738 1.601997 1.5614841 1.5199677 1.4776063 1.4345891 1.3911412 1.347527 1.3040523 1.2610631 1.2189414 1.1780961 1.13895 1.101922 1.0674082 1.0357615 1.0072771 0.98218391 0.96064728 0.94277886 0.9286509 0.91830623 0.91175729 0.90897245 0.90985431 0.9142196 0.92178978 0.93219707 0.94500441 0.95973388 0.97589687 0.99302085 1.0106696 1.0284565 1.0460508 1.0631794 1.0796246 1.0952198 1.1098441 1.1234163 1.1358895 1.1472453 1.1574895 1.1666476 1.1747616 1.1818864 1.1880873 1.1934381 1.1980185 1.2019129 1.2052086 1.2079942 1.210359 1.2123911 1.214177 1.2158002 1.2173405 1.2188733 1.2204688 1.2221917
1.640539 1.6007948 1.5598628 1.5178735 1.4749856 1.4313921 1.3873265 1.3430679 1.2989445 1.2553338 1.2126592 1.1713809 1.1319809 1.0949427 1.0607249 1.0297337 1.0022965 0.97864361 0.95890105 0.94309819 0.93118659 0.92306397 0.91859395 0.91761485 0.91993627 0.92532851 0.93351254 0.94415723 0.95688618 0.97129283 0.98695973 1.0034781 1.0204642 1.0375717 1.054499 1.0709923 1.0868454 1.1018977 1.1160299 1.1291601 1.1412384 1.1522431 1.162176 1.1710585 1.1789285 1.1858374 1.191847 1.1970282 1.2014579 1.2052181 1.208394 1.2110725 1.213341 1.2152863 1.2169935 1.218545 1.2200196 1.2214918 1.223031 1.2247011
1.6393547 1.599197 1.557786 1.5152457 1.47173 1.4274298 1.3825812 1.3374716 1.2924459 1.2479086 1.2043217 1.1621971 1.1220814 1.0845327 1.0500893 1.0192331 0.992352 0.96970815 0.95141888 0.93745724 0.92767243 0.92182506 0.91962635 0.92076987 0.92494844 0.93185617 0.94118179 0.95260067 0.9657716 0.98034012 0.99594736 1.0122417 1.0288904 1.0455894 1.0620703 1.0781039 1.0935016 1.1081142 1.1218296 1.1345694 1.1462855 1.1569557 1.1665809 1.1751807 1.1827911 1.1894613 1.1952516 1.2002306 1.2044737 1.2080616 1.2110781 1.2136089 1.2157407 1.2175595 1.2191497 1.2205931 1.2219682 1.2233488 1.2248042 1.226398
1.6378326 1.5972201 1.5552751 1.5121106 1.4678701 1.4227363 1.3769409 1.3307729 1.2845873 1.23881 1.1939387 1.1505373 1.1092226 1.0706393 1.0354245 1.0041627 0.9773342 0.95526735 0.93810305 0.92578362 0.91807081 0.91459043 0.91489133 0.91850216 0.92497184 0.93388808 0.94487727 0.9575943 0.971711 0.98690871 1.0028767 1.0193151 1.0359412 1.052495 1.068745 1.0844918 1.0995694 1.1138455 1.1272198 1.1396222 1.1510096 1.1613634 1.1706856 1.1789968 1.186333 1.1927431 1.1982865 1.2030314 1.2070528 1.2104306 1.2132482 1.2155913 1.2175463 1.219199 1.220634 1.2219331 1.2231748 1.2244333 1.2257778 1.2272719
1.6359879 1.5948864 1.5523604 1.508507 1.4634535 1.4173677 1.3704695 1.3230422 1.2754435 1.2281143 1.181584 1.1364688 1.0934611 1.0533056 1.0167598 0.9845402 0.95725568 0.93533845 0.91898721 0.90813837 0.90247756 0.90149243 0.90455309 0.91099784 0.92020178 0.93161573 0.94477579 0.95929266 0.97483276 0.99110012 1.0078239 1.0247525 1.0416522 1.0583093 1.0745329 1.0901574 1.1050444 1.119083 1.1321894 1.1443055 1.1553972 1.1654518 1.1744758 1.1824927 1.1895401 1.1956683 1.2009376 1.2054167 1.209181 1.2123108 1.2148903 1.2170054 1.2187431 1.2201901 1.2214316 1.2225501 1.2236248 1.2247305 1.225937 1.2273083
1.6338391 1.592224 1.549081 1.5044861 1.4585445 1.4114024 1.3632604 1.3143877 1.2651364 1.2159555 1.1674013 1.1201416 1.07495 1.0326843 0.99424592 0.9605158 0.93227019 0.91008622 0.89425609 0.88473418 0.88113776 0.88280732 0.88891195 0.89856961 0.91094945 0.92533543 0.94114791 0.95793342 0.97533826 0.99307934 1.0109201 1.0286545 1.0460984 1.0630861 1.0794706 1.0951242 1.10994 1.1238327 1.1367388 1.1486158 1.1594416 1.1692123 1.1779413 1.1856567 1.1924 1.198224 1.2031912 1.207372 1.2108433 1.213687 1.2159882 1.2178346 1.2193143 1.2205156 1.2215249 1.2224262 1.2232999 1.2242221 1.2252635 1.226489
1.6314074 1.5892659 1.5454836 1.5001105 1.4532238 1.4049413 1.3554364 1.3049554 1.2538366 1.2025289 1.1516098 1.1017967 1.0539491 1.0090516 0.96817304 0.93239278 0.90269603 0.8798478 0.86427049 0.85595911 0.85446663 0.85897229 0.86841688 0.88166456 0.89764549 0.91544832 0.93435544 0.95383313 0.9734968 0.99306958 1.0123457 1.0311638 1.04939 1.0669088 1.0836197 1.0994361 1.1142862 1.1281139 1.140879 1.1525578 1.1631427 1.1726413 1.1810755 1.1884802 1.1949021 1.2003981 1.2050339 1.2088829 1.2120243 1.2145424 1.2165245 1.2180604 1.2192406 1.2201553 1.220893 1.2215399 1.2221783 1.2228858 1.2237349 1.2247916
1.6287154 1.5860486 1.5416213 1.4954528 1.4475869 1.3981059 1.3471483 1.2949294 1.241764 1.1880927 1.1345072 1.0817717 1.0308348 0.98282046 0.93898794 0.90064939 0.8690412 0.84516014 0.82959527 0.8224031 0.82307285 0.83060425 0.84367897 0.86087242 0.88084359 0.90246019 0.92484842 0.9473825 0.96963992 0.99134632 1.0123253 1.0324602 1.0516684 1.0698864 1.0870627 1.1031544 1.1181275 1.1319576 1.1446306 1.1561439 1.1665066 1.1757396 1.1838753 1.1909569 1.1970375 1.2021793 1.2064526 1.2099344 1.2127075 1.2148591 1.2164798 1.2176623 1.2185 1.2190861 1.219512 1.2198664 1.2202344 1.2206958 1.2213251 1.2221899
1.6257861 1.5826112 1.5375525 1.4905944 1.4417419 1.3910362 1.3385733 1.2845288 1.2291856 1.1729668 1.1164706 1.060504 1.0061062 0.95455091 0.90730913 0.86595835 0.83202705 0.80678621 0.79102626 0.78488331 0.78778032 0.79851649 0.81548253 0.83693128 0.86122156 0.88697903 0.91316034 0.9390402 0.96415465 0.98823057 1.0111209 1.0327543 1.0531005 1.0721496 1.0899003 1.1063554 1.1215206 1.1354049 1.1480223 1.1593929 1.1695443 1.1785122 1.1863408 1.1930827 1.1987987 1.2035574 1.2074344 1.2105114 1.2128755 1.2146179 1.215833 1.2166174 1.2170682 1.2172822 1.2173546 1.2173775 1.217439 1.2176222 1.2180038 1.2186537
1.6226413 1.5789932 1.5333379 1.4856218 1.4358068 1.3838871 1.3299101 1.2740041 1.2164113 1.1575287 1.0979532 1.0385291 0.98038604 0.92495457 0.87393543 0.82919987 0.79260509 0.76573438 0.74961 0.74446213 0.74964237 0.76372807 0.7847893 0.8107271 0.83957719 0.86970838 0.89989997 0.92932411 0.95747483 0.98408072 1.0090247 1.0322815 1.0538739 1.0738458 1.0922471 1.1091271 1.1245318 1.1385049 1.1510892 1.162329 1.1722712 1.1809673 1.1884743 1.1948552 1.2001794 1.2045225 1.2079664 1.2105982 1.21251 1.213798 1.2145612 1.2149006 1.2149181 1.2147148 1.2143904 1.2140412 1.2137593 1.2136312 1.2137368 1.2141484
