Example_Dataset/contamination rasters/probe_idw.asc
NCOLS 300
NROWS 300
XLLCORNER 35034900
YLLCORNER 54060100
DX 8.0016667
DY 5.6689333
NODATA_VALUE -9999
[rows 26 to 51 of 300, columns 240 to 299 of 300]
2.0991447 2.0931096 2.0890369 2.0870902 2.0872396 2.0892657 2.0928071 2.0974293 2.1026936 2.1082068 2.1136481 2.1187758 2.1234221 2.1274814 2.1308975 2.1336515 2.1357526 2.1372302 2.1381286 2.1385035 2.1384185 2.1379439 2.1371544 2.1361276 2.1349424 2.1336769 2.1324059 2.1311989 2.1301167 2.1292097 2.1285151 2.1280561 2.1278408 2.127863 2.1281033 2.1285315 2.1291087 2.1297908 2.1305313 2.1312838 2.1320049 2.1326558 2.1332042 2.1336255 2.1339037 2.134032 2.1340134 2.1338608 2.1335975 2.1332567 2.1328818 2.1325251 2.1322479 2.1321181 2.1322092 2.132597 2.1333574 2.1345625 2.1362774 2.1385571
2.0884162 2.0811493 2.0763284 2.0741896 2.0746939 2.0775356 2.0822183 2.0881623 2.0948033 2.1016578 2.1083503 2.1146139 2.1202762 2.1252389 2.1294594 2.1329349 2.1356897 2.1377671 2.139223 2.1401219 2.1405336 2.1405321 2.1401932 2.1395936 2.1388095 2.1379147 2.1369791 2.1360666 2.1352332 2.1345248 2.1339764 2.1336104 2.1334364 2.133452 2.1336434 2.1339874 2.1344536 2.1350065 2.1356086 2.1362218 2.1368107 2.1373434 2.1377937 2.1381416 2.138375 2.1384897 2.1384903 2.1383899 2.138211 2.1379849 2.1377512 2.137558 2.1374599 2.1375179 2.1377966 2.1383627 2.1392822 2.140618 2.1424263 2.1447548
2.0753944 2.0666283 2.0609286 2.05864 2.0597079 2.0636935 2.0699004 2.0775442 2.0858961 2.0943638 2.1025155 2.1100661 2.1168483 2.1227818 2.1278464 2.132062 2.1354738 2.138143 2.1401397 2.1415392 2.1424194 2.1428591 2.1429367 2.1427291 2.142311 2.1417535 2.1411225 2.1404779 2.1398718 2.1393473 2.138937 2.1386632 2.1385367 2.1385581 2.1387182 2.1389998 2.139379 2.139828 2.1403163 2.1408135 2.1412907 2.1417222 2.1420867 2.142369 2.1425601 2.1426582 2.1426693 2.1426071 2.1424932 2.1423571 2.1422356 2.1421725 2.1422176 2.1424252 2.142853 2.14356 2.1446044 2.1460409 2.147919 2.1502804
2.0596784 2.0490242 2.0422476 2.0398626 2.0417873 2.0473723 2.0556187 2.0654515 2.0759273 2.0863293 2.0961744 2.1051738 2.1131819 2.1201509 2.1260945 2.1310642 2.1351321 2.1383815 2.1408997 2.1427754 2.1440958 2.1449459 2.1454077 2.1455594 2.1454754 2.1452246 2.1448707 2.1444703 2.1440727 2.1437184 2.1434388 2.1432556 2.143181 2.1432178 2.1433607 2.1435972 2.1439092 2.1442747 2.1446698 2.14507 2.1454523 2.1457961 2.1460849 2.1463072 2.1464571 2.1465351 2.1465483 2.1465109 2.1464439 2.1463754 2.1463397 2.1463772 2.1465332 2.146857 2.1474003 2.1482158 2.1493551 2.1508667 2.1527943 2.1551749
2.0407693 2.0276543 2.0194975 2.017088 2.0202958 2.0281282 2.0391177 2.0517745 2.0648819 2.077591 2.0893861 2.1000012 2.1093377 2.1173994 2.124249 2.129979 2.1346958 2.1385088 2.1415261 2.1438513 2.1455827 2.1468126 2.1476274 2.1481077 2.1483278 2.1483561 2.1482543 2.1480767 2.1478704 2.1476741 2.1475179 2.1474233 2.1474034 2.1474631 2.1475999 2.1478054 2.148066 2.1483649 2.1486833 2.149002 2.1493028 2.1495699 2.1497907 2.149957 2.1500658 2.1501193 2.150126 2.1501006 2.1500637 2.1500421 2.1500682 2.1501795 2.1504178 2.1508281 2.1514572 2.1523527 2.1535609 2.1551252 2.1570848 2.1594727
2.0180486 2.0016125 1.9916012 1.9892707 1.9944051 2.0054297 2.0201349 2.0364394 2.0527936 2.0682311 2.0822463 2.0946399 2.1053953 2.1145938 2.1223635 2.1288497 2.1341994 2.1385533 2.1420426 2.144788 2.1468997 2.1484784 2.1496156 2.1503947 2.1508911 2.1511727 2.1513 2.1513258 2.1512952 2.1512454 2.1512056 2.1511973 2.1512339 2.1513219 2.1514615 2.1516471 2.1518692 2.1521151 2.1523702 2.1526199 2.1528501 2.153049 2.1532074 2.1533201 2.1533865 2.1534107 2.1534024 2.1533766 2.1533538 2.1533599 2.1534258 2.1535866 2.1538812 2.1543512 2.1550396 2.1559898 2.1572439 2.1588414 2.1608175 2.1632023
1.9907589 1.969678 1.9570459 1.9549539 1.9630261 1.9786564 1.9984334 2.0194445 2.0397722 2.0583945 2.0748962 2.0892122 2.1014548 2.1118133 2.1205 2.1277242 2.1336806 2.1385448 2.1424736 2.145606 2.1480653 2.149961 2.1513901 2.1524392 2.1531852 2.1536959 2.1540311 2.1542422 2.1543729 2.1544592 2.1545293 2.1546044 2.1546984 2.154819 2.1549681 2.1551429 2.1553368 2.1555405 2.1557432 2.1559337 2.1561018 2.1562388 2.1563387 2.1563988 2.1564207 2.1564102 2.156378 2.1563397 2.1563158 2.1563315 2.1564165 2.1566043 2.1569316 2.157437 2.1581608 2.159143 2.1604224 2.1620354 2.1640143 2.1663869
1.9580043 1.9301843 1.9136394 1.9120491 1.9247213 1.9471265 1.9738688 2.0009186 2.0260401 2.0483067 2.0675303 2.0838737 2.0976363 2.1091487 2.1187267 2.126654 2.1331782 2.1385131 2.1428427 2.1463251 2.1490968 2.1512763 2.1529666 2.1542574 2.1552272 2.1559443 2.1564674 2.1568473 2.1571261 2.1573386 2.1575124 2.157668 2.1578197 2.1579759 2.15814 2.1583111 2.158485 2.1586552 2.158814 2.1589532 2.1590656 2.1591453 2.1591889 2.1591962 2.1591705 2.1591192 2.159054 2.1589912 2.1589514 2.1589595 2.1590443 2.1592381 2.1595759 2.1600944 2.1608315 2.1618249 2.1631109 2.1647235 2.166693 2.169045
1.9188138 1.8808415 1.8580839 1.8574634 1.8776139 1.9101967 1.9465176 1.9812066 2.011975 2.0382913 2.0604004 2.0788124 2.0940773 2.1067002 2.1171164 2.1256918 2.1327312 2.1384876 2.1431725 2.1469632 2.1500094 2.1524384 2.1543586 2.1558631 2.1570319 2.1579334 2.158626 2.1591591 2.1595738 2.1599036 2.1601752 2.1604085 2.1606178 2.1608118 2.160995 2.161168 2.1613285 2.1614723 2.1615938 2.1616877 2.161749 2.1617744 2.1617627 2.1617157 2.1616384 2.1615397 2.1614322 2.1613329 2.1612627 2.1612464 2.1613125 2.1614923 2.1618197 2.1623303 2.1630602 2.1640456 2.1653209 2.1669184 2.1688669 2.1711909
1.8723756 1.8185417 1.7851901 1.7864479 1.8193675 1.8675337 1.9169004 1.960983 1.9981524 2.0287794 2.0538137 2.074243 2.0909275 2.1045721 2.1157423 2.1248898 2.1323766 2.138495 2.1434829 2.1475359 2.150816 2.1534585 2.155577 2.1572675 2.158611 2.1596762 2.1605207 2.1611928 2.1617322 2.1621712 2.1625352 2.1628435 2.1631099 2.1633435 2.1635492 2.1637287 2.163881 2.1640037 2.1640932 2.1641461 2.1641595 2.1641322 2.164065 2.1639612 2.1638276 2.1636741 2.1635145 2.1633665 2.1632515 2.1631944 2.1632236 2.1633701 2.1636673 2.1641499 2.1648531 2.1658121 2.1670603 2.1686289 2.1705458 2.1728347
1.8186998 1.7393592 1.6863362 1.6914471 1.7475302 1.8197479 1.8863269 1.9413705 1.9853679 2.0203023 2.0481198 2.0703964 2.0883406 2.102868 2.1146748 2.124296 2.1321478 2.1385586 2.1437906 2.1480554 2.1515261 2.154345 2.1566298 2.1584787 2.1599736 2.1611827 2.1621628 2.1629607 2.1636146 2.1641554 2.1646071 2.1649881 2.1653114 2.1655859 2.1658169 2.1660065 2.1661549 2.1662607 2.1663221 2.1663371 2.1663046 2.1662251 2.1661009 2.165937 2.1657413 2.1655251 2.1653033 2.1650941 2.1649197 2.1648054 2.1647799 2.1648742 2.1651216 2.1655566 2.1662142 2.1671291 2.1683344 2.1698608 2.1717359 2.1739828
1.7601959 1.6397376 1.5462658 1.5602299 1.6612357 1.7696603 1.8573013 1.9239993 1.97461 2.0134559 2.0436838 2.0675009 2.0864624 2.1016825 2.113976 2.1239514 2.1320719 2.1386964 2.1441074 2.1485301 2.152146 2.155103 2.1575219 2.1595022 2.1611259 2.1624602 2.1635607 2.1644725 2.165232 2.1658682 2.1664036 2.1668552 2.1672353 2.1675521 2.1678107 2.1680135 2.1681614 2.1682538 2.16829 2.1682692 2.1681917 2.1680594 2.1678759 2.1676475 2.1673833 2.1670959 2.1668009 2.1665177 2.1662691 2.166081 2.1659827 2.1660058 2.166184 2.166552 2.1671453 2.1679986 2.1691454 2.1706165 2.1724396 2.174638
1.7045556 1.5228592 1.3365784 1.3750901 1.5670778 1.7241435 1.8337036 1.910891 1.966951 2.0088328 2.0408468 2.0657602 2.0854178 2.1010935 2.1136948 2.1238867 2.1321677 2.1389196 2.1444399 2.1489633 2.1526776 2.1557339 2.1582549 2.1603402 2.1620709 2.1635132 2.1647204 2.1657355 2.1665929 2.1673192 2.1679352 2.1684561 2.1688932 2.1692536 2.1695421 2.169761 2.1699112 2.1699929 2.170006 2.1699506 2.1698282 2.1696415 2.1693954 2.1690974 2.1687577 2.1683897 2.1680102 2.1676394 2.1673011 2.1670223 2.1668329 2.1667656 2.1668547 2.1671361 2.167646 2.1684201 2.1694927 2.1708953 2.1726563 2.1747993
1.666996 1.420162 1.0173395 1.1411003 1.492125 1.6947269 1.8201618 1.9040584 1.9633489 2.006925 2.0398776 2.0653277 2.0852969 2.1011545 2.1138627 2.1241195 2.1324441 2.1392316 2.1447879 2.1493532 2.153118 2.1562349 2.1588264 2.1609913 2.162809 2.1643433 2.1656449 2.1667544 2.1677032 2.1685157 2.1692102 2.1698001 2.1702949 2.1707008 2.1710215 2.171259 2.1714142 2.1714874 2.1714788 2.1713894 2.1712212 2.1709779 2.1706654 2.1702918 2.1698685 2.1694099 2.1689337 2.1684613 2.1680173 2.16763 2.1673306 2.1671527 2.1671325 2.167307 2.167714 2.1683907 2.1693728 2.1706933 2.1723816 2.1744625
1.6643322 1.406236 0.92577199 1.0917388 1.4830765 1.6927548 1.8202494 1.904869 1.9644048 2.0080245 2.0409275 2.0662848 2.0861437 2.1018882 2.1144897 2.1246519 2.1328984 2.1396268 2.1451443 2.1496917 2.1534594 2.1565988 2.1592306 2.1614512 2.1633372 2.1649493 2.1663351 2.1675317 2.1685673 2.1694634 2.1702356 2.170895 2.1714491 2.1719026 2.1722582 2.1725171 2.1726797 2.1727462 2.1727171 2.1725936 2.1723783 2.1720755 2.1716917 2.1712359 2.1707204 2.1701603 2.1695745 2.1689854 2.1684189 2.1679045 2.1674749 2.1671657 2.1670147 2.167061 2.1673446 2.1679047 2.1687793 2.1700033 2.1716078 2.1736191
1.6993767 1.4979039 1.2682589 1.3201018 1.5491573 1.7199845 1.8344546 1.9134901 1.9701819 2.0121537 2.0440012 2.0686274 2.0879493 2.1032828 2.1155621 2.1254695 2.1335155 2.1400897 2.145494 2.1499648 2.1536888 2.1568139 2.1594573 2.1617115 2.1636494 2.1653273 2.166789 2.1680674 2.1691871 2.1701661 2.1710167 2.1717473 2.1723633 2.1728673 2.1732608 2.1735439 2.1737163 2.1737779 2.1737291 2.1735711 2.1733068 2.172941 2.1724806 2.1719353 2.171318 2.1706449 2.1699356 2.1692138 2.1685067 2.1678455 2.1672646 2.1668018 2.1664972 2.1663926 2.1665308 2.1669538 2.1677025 2.1688145 2.1703234 2.1722573
1.7577031 1.6214996 1.5093697 1.5271864 1.6466408 1.7668051 1.8598582 1.9288101 1.9801808 2.0190578 2.0489536 2.0722645 2.0906511 2.1052917 2.1170426 2.1265403 2.1342673 2.1405953 2.145814 2.1501513 2.1537871 2.1568634 2.1594921 2.1617605 2.1637361 2.1654705 2.1670022 2.1683597 2.1695629 2.1706258 2.1715571 2.1723622 2.1730437 2.1736022 2.1740372 2.1743478 2.1745327 2.1745911 2.1745232 2.17433 2.1740145 2.1735815 2.1730386 2.1723958 2.1716666 2.1708678 2.1700203 2.1691486 2.1682818 2.1674525 2.1666976 2.1660572 2.1655744 2.1652944 2.1652633 2.1655269 2.1661297 2.1671129 2.168513 2.1703608
1.82253 1.7324922 1.6702498 1.6762912 1.7410363 1.8209259 1.8918767 1.9488977 1.9934886 2.0282599 2.0555133 2.0770288 2.0941382 2.107836 2.1188714 2.1278164 2.1351135 2.1411083 2.1460732 2.1502236 2.1537297 2.1567258 2.1593164 2.1615823 2.1635848 2.1653691 2.166968 2.1684043 2.169693 2.1708431 2.1718596 2.172744 2.1734959 2.1741137 2.1745948 2.1749366 2.175137 2.1751941 2.1751076 2.1748783 2.174509 2.1740046 2.1733726 2.1726236 2.1717714 2.1708336 2.1698318 2.1687921 2.1677447 2.1667246 2.165771 2.1649271 2.1642394 2.1637569 2.1635303 2.1636099 2.1640446 2.1648801 2.1661569 2.167909
1.8841322 1.8228875 1.7839976 1.7848697 1.8216246 1.874097 1.9262953 1.9716596 2.0090168 2.0391581 2.0633253 2.0826978 2.0982623 2.1108105 2.1209694 2.1292352 2.1360021 2.1415843 2.1462326 2.150147 2.153486 2.1563739 2.1589068 2.1611574 2.1631793 2.1650106 2.1666772 2.1681953 2.1695741 2.1708175 2.1719255 2.1728959 2.1737249 2.174408 2.1749405 2.1753182 2.1755373 2.1755953 2.1754909 2.1752246 2.1747986 2.1742179 2.1734899 2.1726253 2.1716383 2.1705471 2.169374 2.1681464 2.1668962 2.1656606 2.1644814 2.1634054 2.1624832 2.1617686 2.1613173 2.1611852 2.1614271 2.1620937 2.1632308 2.1648762
1.9389417 1.8953634 1.8685184 1.8666864 1.8880626 1.9225609 1.9602167 1.9953206 2.0257195 2.0511257 2.0720004 2.0890183 2.1028504 2.1140908 2.1232423 2.1307216 2.1368708 2.1419698 2.1462454 2.1498802 2.1530193 2.1557758 2.1582356 2.1604621 2.1625002 2.1643796 2.166118 2.1677245 2.1692015 2.1705468 2.1717554 2.1728206 2.1737349 2.1744908 2.1750812 2.1755 2.1757418 2.1758031 2.1756817 2.1753772 2.1748918 2.1742297 2.1733983 2.1724082 2.1712738 2.1700137 2.168651 2.1672142 2.165737 2.1642589 2.1628248 2.1614853 2.1602959 2.1593158 2.158607 2.1582322 2.1582528 2.1587266 2.1597051 2.1612312
1.9864667 1.9539223 1.9337826 1.9303275 1.9426217 1.9652503 1.9920352 2.018609 2.0427269 2.0635886 2.0811571 2.0957303 2.1077185 2.1175412 2.1255853 2.1321909 2.1376487 2.1422035 2.1460575 2.1493751 2.1522869 2.1548935 2.1572698 2.1594686 2.1615246 2.1634576 2.1652766 2.1669821 2.1685688 2.1700281 2.171349 2.1725201 2.1735299 2.1743676 2.1750236 2.1754896 2.1757588 2.1758263 2.1756888 2.1753454 2.1747974 2.1740486 2.173106 2.1719799 2.1706848 2.1692393 2.1676675 2.1659985 2.164268 2.1625178 2.1607964 2.1591587 2.1576654 2.1563824 2.155379 2.154726 2.1544931 2.1547463 2.1555444 2.1569368
2.0273661 2.0018965 1.9857039 1.9811562 1.9877252 2.00232 2.0210481 2.0407304 2.0593913 2.0760689 2.0904522 2.102586 2.1126836 2.1210217 2.1278873 2.1335513 2.1382573 2.1422165 2.1456077 2.1485768 2.1512397 2.1536839 2.1559719 2.1581448 2.1602257 2.1622236 2.1641368 2.1659564 2.1676687 2.1692574 2.1707055 2.1719962 2.1731138 2.174044 2.1747745 2.1752949 2.1755968 2.1756738 2.1755217 2.1751386 2.1745249 2.1736839 2.172622 2.171349 2.1698789 2.1682307 2.1664285 2.1645027 2.1624904 2.1604359 2.1583914 2.1564165 2.1545783 2.15295 2.1516096 2.1506376 2.1501138 2.1501141 2.1507066 2.1519482
2.0625924 2.0417755 2.027995 2.022636 2.0253787 2.034364 2.0470811 2.0612553 2.0752737 2.0881976 2.0995963 2.1093625 2.1175723 2.1243942 2.1300346 2.1347064 2.138612 2.1419335 2.1448276 2.1474234 2.149822 2.1520973 2.1542987 2.1564541 2.1585735 2.1606533 2.1626802 2.1646344 2.1664925 2.1682303 2.1698238 2.1712505 2.1724903 2.1735254 2.1743408 2.1749239 2.1752645 2.1753551 2.1751901 2.1747667 2.1740845 2.1731457 2.171956 2.1705246 2.1688648 2.1669953 2.1649403 2.162731 2.1604058 2.1580116 2.1556044 2.153249 2.1510195 2.1489976 2.1472716 2.1459333 2.145075 2.1447847 2.1451418 2.1462126
2.0930696 2.0753765 2.0630994 2.0570863 2.0571322 2.0620675 2.0702317 2.0800001 2.0901034 2.0997085 2.1083584 2.1158679 2.1222265 2.1275266 2.131914 2.1355565 2.1386233 2.1412723 2.1436418 2.1458456 2.1479709 2.1500778 2.1522015 2.154355 2.1565337 2.1587198 2.1608864 2.1630014 2.165031 2.1669418 2.1687025 2.1702847 2.1716637 2.1728181 2.1737301 2.1743852 2.1747715 2.1748801 2.1747045 2.1742406 2.1734869 2.1724448 2.1711187 2.1695169 2.1676519 2.1655416 2.16321 2.1606884 2.1580167 2.155244 2.1524302 2.1496458 2.1469723 2.1445016 2.1423337 2.1405743 2.1393302 2.1387046 2.138791 2.1396674
2.1195966 2.1040311 2.0926904 2.0861135 2.0841625 2.0860725 2.090718 2.0969322 2.1037343 2.1104214 2.1165622 2.1219431 2.1265062 2.1302951 2.1334146 2.1359999 2.1381964 2.1401441 2.1419671 2.1437663 2.145616 2.1475624 2.1496251 2.151801 2.1540685 2.1563932 2.1587329 2.1610418 2.1632742 2.1653869 2.1673406 2.1691009 2.1706384 2.1719284 2.1729504 2.1736879 2.1741277 2.1742596 2.1740759 2.1735714 2.1727437 2.1715927 2.1701216 2.1683373 2.1662509 2.1638793 2.1612457 2.1583813 2.1553266 2.1521329 2.1488638 2.1455958 2.1424188 2.1394358 2.1367609 2.1345158 2.1328254 2.1318115 2.1315848 2.1322382
2.1428339 2.1287267 2.1179523 2.1108638 2.1073639 2.1069355 2.1087977 2.1121049 2.1161053 2.1202237 2.1240788 2.1274598 2.1302894 2.1325854 2.134428 2.1359332 2.1372319 2.1384531 2.1397117 2.1410991 2.1426777 2.1444796 2.1465077 2.1487399 2.1511355 2.1536407 2.1561957 2.1587391 2.161212 2.1635606 2.1657375 2.1677019 2.16942 2.1708637 2.1720105 2.172842 2.1733439 2.1735048 2.1733161 2.1727716 2.1718673 2.170602 2.1689772 2.166998 2.1646738 2.1620197 2.1590574 2.1558174 2.1523404 2.1486792 2.1449009 2.141088 2.1373397 2.1337714 2.1305132 2.1277064 2.1254978 2.1240317 2.123441 2.1238372
