Example_Dataset/contamination rasters/spline.asc
ncols        354
nrows        251
xllcorner    35034896.598640002310
yllcorner    54060096.598640002310
cellsize     6.802719999999
NODATA_value -3.4028234663852885981e+38
[rows 0 to 17 of 251, columns 200 to 239 of 354]
0.24802061915397644043 0.24859501421451568604 0.24888578057289123535 0.24887062609195709229 0.24853011965751647949 0.2478478848934173584 0.24681080877780914307 0.24540920555591583252 0.24363696575164794922 0.24149169027805328369 0.23897480964660644531 0.23609171807765960693 0.23285177350044250488 0.22926829755306243896 0.22535863518714904785 0.22114397585391998291 0.21664926409721374512 0.21190291643142700195 0.20693658292293548584 0.20178472995758056641 0.19648407399654388428 0.19107282161712646484 0.18558979034423828125 0.18007412552833557129 0.17456486821174621582 0.16910021007061004639 0.16371645033359527588 0.15844680368900299072 0.1533199995756149292 0.14835885167121887207 0.14357846975326538086 0.13898451626300811768 0.13457125425338745117 0.13031955063343048096 0.12619473040103912354 0.12214444577693939209 0.11809650808572769165 0.11442232877016067505 0.11149607598781585693 0.10923679918050765991
0.29427251219749450684 0.29484593868255615234 0.29511538147926330566 0.2950572669506072998 0.29465097188949584961 0.29387879371643066406 0.29272636771202087402 0.29118278622627258301 0.28924071788787841797 0.28689664602279663086 0.28415101766586303711 0.28100827336311340332 0.27747696638107299805 0.27356982231140136719 0.26930373907089233398 0.26469972729682922363 0.25978270173072814941 0.25458139181137084961 0.2491280287504196167 0.24345794320106506348 0.23760901391506195068 0.23162101209163665771 0.22553476691246032715 0.21939177811145782471 0.21323387324810028076 0.20710237324237823486 0.20103718340396881104 0.19507549703121185303 0.18925048410892486572 0.18358980119228363037 0.17811380326747894287 0.17283381521701812744 0.16775014996528625488 0.16285002231597900391 0.15810549259185791016 0.15347115695476531982 0.14888201653957366943 0.144670143723487854 0.14117068052291870117 0.13830998539924621582
0.3403683006763458252 0.34094250202178955078 0.34119367599487304688 0.34109708666801452637 0.34063068032264709473 0.33977553248405456543 0.33851593732833862305 0.3368396759033203125 0.33473816514015197754 0.33220666646957397461 0.32924449443817138672 0.32585507631301879883 0.32204610109329223633 0.31782951951026916504 0.31322175264358520508 0.30824336409568786621 0.30291923880577087402 0.29727822542190551758 0.29135292768478393555 0.28517940640449523926 0.27879655361175537109 0.27224546670913696289 0.26556894183158874512 0.25881075859069824219 0.2520154416561126709 0.24522738158702850342 0.23848991096019744873 0.23184411227703094482 0.22532744705677032471 0.21897225081920623779 0.21280403435230255127 0.20683965086936950684 0.20108531415462493896 0.19553454220294952393 0.19016599655151367188 0.18494118750095367432 0.17980223894119262695 0.17504319548606872559 0.17096148431301116943 0.16749086976051330566
0.38629618287086486816 0.38687229156494140625 0.3871078193187713623 0.38697665929794311523 0.38645544648170471191 0.38552391529083251953 0.38416492938995361328 0.3823649287223815918 0.38011401891708374023 0.37740617990493774414 0.37423950433731079102 0.3706162571907043457 0.36654320359230041504 0.36203145980834960938 0.35709670186042785645 0.35175907611846923828 0.34604319930076599121 0.3399779200553894043 0.33359611034393310547 0.32693430781364440918 0.32003235816955566406 0.31293258070945739746 0.30567950010299682617 0.29831916093826293945 0.2908986210823059082 0.28346526622772216797 0.27606570720672607422 0.2687447667121887207 0.26154407858848571777 0.25450056791305541992 0.24764464795589447021 0.2409985959529876709 0.23457443714141845703 0.22837182879447937012 0.22237597405910491943 0.21655517816543579102 0.2108586728572845459 0.20554374158382415771 0.20087146759033203125 0.19678315520286560059
0.43204355239868164062 0.4326222538948059082 0.4328441619873046875 0.43268182873725891113 0.43211060762405395508 0.43110874295234680176 0.42965772747993469238 0.42774257063865661621 0.42535197734832763672 0.42247855663299560547 0.41911911964416503906 0.41527473926544189453 0.41095104813575744629 0.40615823864936828613 0.40091121196746826172 0.39522951841354370117 0.38913735747337341309 0.38266345858573913574 0.37584078311920166016 0.36870628595352172852 0.36130055785179138184 0.35366708040237426758 0.34585201740264892578 0.33790343999862670898 0.3298708796501159668 0.32180446386337280273 0.31375411152839660645 0.30576816201210021973 0.2978922724723815918 0.29016774892807006836 0.28262987732887268066 0.27530613541603088379 0.26821416616439819336 0.26135972142219543457 0.25473436713218688965 0.24831311404705047607 0.24205222725868225098 0.23617355525493621826 0.23090325295925140381 0.22619020938873291016
0.47759720683097839355 0.47817856073379516602 0.47838827967643737793 0.47819769382476806641 0.47758063673973083496 0.47651401162147521973 0.47497785091400146484 0.4729556739330291748 0.47043466567993164062 0.46740606427192687988 0.4638653099536895752 0.4598121941089630127 0.45525112748146057129 0.45019125938415527344 0.44464659690856933594 0.43863597512245178223 0.43218305706977844238 0.42531630396842956543 0.41806870698928833008 0.41047751903533935547 0.40258386731147766113 0.39443233609199523926 0.38607057929039001465 0.37754854559898376465 0.3689180910587310791 0.36023199558258056641 0.35154318809509277344 0.34290352463722229004 0.33436244726181030273 0.32596552371978759766 0.31775268912315368652 0.30975648760795593262 0.3020000755786895752 0.29449501633644104004 0.28723913431167602539 0.28021410107612609863 0.27338308095932006836 0.26693376898765563965 0.26105889678001403809 0.25571501255035400391
0.52294331789016723633 0.52352672815322875977 0.52372515201568603516 0.52350848913192749023 0.52284932136535644531 0.52172291278839111328 0.5201079249382019043 0.517986297607421875 0.51534372568130493164 0.51217001676559448242 0.50845897197723388672 0.50420916080474853516 0.49942374229431152344 0.49411064386367797852 0.48828285932540893555 0.4819583892822265625 0.47516033053398132324 0.46791669726371765137 0.4602603614330291748 0.45222875475883483887 0.4438635408878326416 0.43521025776863098145 0.42631781101226806641 0.41723796725273132324 0.40802466869354248047 0.39873322844505310059 0.38941949605941772461 0.38013857603073120117 0.37094357609748840332 0.36188411712646484375 0.35300466418266296387 0.34434258937835693359 0.33592638373374938965 0.32777330279350280762 0.31988725066184997559 0.31225636601448059082 0.30485054850578308105 0.2978248298168182373 0.2913398444652557373 0.28535994887351989746
0.56806731224060058594 0.56865161657333374023 0.56883895397186279297 0.56859791278839111328 0.56789958477020263672 0.56671786308288574219 0.5650297999382019043 0.56281578540802001953 0.56006002426147460938 0.5567505955696105957 0.55288004875183105469 0.54844528436660766602 0.5434481501579284668 0.53789538145065307617 0.53179883956909179688 0.52517557144165039062 0.51804792881011962891 0.51044350862503051758 0.50239485502243041992 0.49393951892852783203 0.48511955142021179199 0.47598132491111755371 0.46657490730285644531 0.4569536745548248291 0.44717347621917724609 0.4372920691967010498 0.42736798524856567383 0.41745942831039428711 0.40762299299240112305 0.39791223406791687012 0.38837584853172302246 0.37905594706535339355 0.36998605728149414062 0.36118894815444946289 0.35267442464828491211 0.34443691372871398926 0.33645299077033996582 0.32884624600410461426 0.321746826171875 0.31512680649757385254
0.61295425891876220703 0.61353754997253417969 0.61371332406997680664 0.61344885826110839844 0.61271381378173828125 0.61148053407669067383 0.60972452163696289062 0.60742461681365966797 0.60456335544586181641 0.60112732648849487305 0.59710741043090820312 0.59249907732009887695 0.58730256557464599609 0.58152347803115844727 0.57517230510711669922 0.56826519966125488281 0.56082361936569213867 0.55287444591522216797 0.5444501042366027832 0.53558802604675292969 0.52633053064346313477 0.51672470569610595703 0.50682163238525390625 0.4966761469841003418 0.48634588718414306641 0.47589081525802612305 0.46537199616432189941 0.45485061407089233398 0.44438651204109191895 0.43403697013854980469 0.42385473847389221191 0.4138863980770111084 0.40417039394378662109 0.39473477005958557129 0.38559502363204956055 0.37675163149833679199 0.3681876063346862793 0.35999655723571777344 0.35227957367897033691 0.34501653909683227539
0.65758866071701049805 0.65816843509674072266 0.65833151340484619141 0.65804386138916015625 0.65727370977401733398 0.65599191188812255859 0.65417248010635375977 0.6517925262451171875 0.6488329768180847168 0.64527881145477294922 0.64111924171447753906 0.63634812831878662109 0.63096433877944946289 0.62497180700302124023 0.61838001012802124023 0.61120378971099853516 0.60346376895904541016 0.5951862335205078125 0.58640295267105102539 0.57715129852294921875 0.56747388839721679688 0.55741822719573974609 0.54703640937805175781 0.53638446331024169922 0.52552181482315063477 0.51451027393341064453 0.50341337919235229492 0.49229499697685241699 0.48121821880340576172 0.47024369239807128906 0.45942807197570800781 0.44882220029830932617 0.43846917152404785156 0.42840209603309631348 0.41864183545112609863 0.40919479727745056152 0.40005022287368774414 0.39127305150032043457 0.38293680548667907715 0.37502914667129516602
0.70195460319519042969 0.70252764225006103516 0.70267617702484130859 0.70236486196517944336 0.70156055688858032227 0.70023268461227416992 0.69835352897644042969 0.69589865207672119141 0.69284743070602416992 0.6891829371452331543 0.68489289283752441406 0.67996942996978759766 0.67440980672836303711 0.66821658611297607422 0.66139775514602661133 0.65396708250045776367 0.64594411849975585938 0.63735425472259521484 0.62822890281677246094 0.61860513687133789062 0.60852569341659545898 0.59803843498229980469 0.58719623088836669922 0.57605630159378051758 0.5646794438362121582 0.55312955379486083984 0.5414721369743347168 0.52977377176284790039 0.51810038089752197266 0.50651592016220092773 0.49508073925971984863 0.48384970426559448242 0.47287023067474365234 0.46218025684356689453 0.45180591940879821777 0.4417591094970703125 0.43203508853912353516 0.42267155647277832031 0.41371583938598632812 0.40516337752342224121
0.74603605270385742188 0.74659830331802368164 0.74672967195510864258 0.74639350175857543945 0.7455552220344543457 0.74418276548385620117 0.74224698543548583984 0.73972171545028686523 0.73658454418182373047 0.73281705379486083984 0.72840505838394165039 0.723339080810546875 0.71761476993560791016 0.71123307943344116211 0.70420062541961669922 0.69652980566024780273 0.68823909759521484375 0.67935311794281005859 0.66990262269973754883 0.65992426872253417969 0.64946079254150390625 0.63856047391891479492 0.6272767186164855957 0.61566776037216186523 0.60379576683044433594 0.59172618389129638672 0.57952678203582763672 0.56726634502410888672 0.55501353740692138672 0.54283541440963745117 0.53079575300216674805 0.51895320415496826172 0.50735938549041748047 0.49605670571327209473 0.4850762486457824707 0.47443524003028869629 0.46413457393646240234 0.45418608188629150391 0.44461241364479064941 0.4354165494441986084
0.78981667757034301758 0.79036349058151245117 0.79047423601150512695 0.79011112451553344727 0.78923827409744262695 0.7878220677375793457 0.78583186864852905273 0.78323984146118164062 0.78002196550369262695 0.77615797519683837891 0.77163195610046386719 0.76643276214599609375 0.76055425405502319336 0.7539958953857421875 0.74676269292831420898 0.73886585235595703125 0.73032248020172119141 0.7211564183235168457 0.71139752864837646484 0.7010822296142578125 0.69025301933288574219 0.67895835638046264648 0.66725218296051025391 0.65519356727600097656 0.64284592866897583008 0.63027620315551757812 0.61755400896072387695 0.60475027561187744141 0.59193629026412963867 0.57918184995651245117 0.56655406951904296875 0.55411505699157714844 0.54192030429840087891 0.5300166010856628418 0.51843965053558349609 0.50721156597137451172 0.49633875489234924316 0.48580846190452575684 0.47562009096145629883 0.46578398346900939941
0.83328032493591308594 0.83380615711212158203 0.83389204740524291992 0.83349907398223876953 0.83259016275405883789 0.83113020658493041992 0.82908689975738525391 0.82643103599548339844 0.82313674688339233398 0.81918197870254516602 0.81454920768737792969 0.80922538042068481445 0.80320274829864501953 0.79647898674011230469 0.78905761241912841797 0.78094834089279174805 0.772167205810546875 0.76273679733276367188 0.75268632173538208008 0.74205154180526733398 0.73087489604949951172 0.71920478343963623047 0.70709562301635742188 0.69460719823837280273 0.68180388212203979492 0.66875398159027099609 0.65552884340286254883 0.64220142364501953125 0.62884533405303955078 0.61553305387496948242 0.60233449935913085938 0.58931523561477661133 0.57653445005416870117 0.56404280662536621094 0.55188030004501342773 0.54007399082183837891 0.52863514423370361328 0.51752799749374389648 0.50673002004623413086 0.49625867605209350586
0.87641090154647827148 0.8769092559814453125 0.8769652247428894043 0.87653869390487670898 0.875591278076171875 0.87408655881881713867 0.87199074029922485352 0.86927300691604614258 0.86590576171875 0.86186528205871582031 0.85713219642639160156 0.85169172286987304688 0.84553426504135131836 0.83865582942962646484 0.83105832338333129883 0.82274991273880004883 0.81374537944793701172 0.80406612157821655273 0.7937405705451965332 0.78280389308929443359 0.77129799127578735352 0.75927144289016723633 0.74677884578704833984 0.73388051986694335938 0.72064185142517089844 0.7071323394775390625 0.69342476129531860352 0.67959392070770263672 0.66571557521820068359 0.65186464786529541016 0.63811379671096801758 0.62453162670135498047 0.61118072271347045898 0.59811544418334960938 0.58537995815277099609 0.57300555706024169922 0.56100839376449584961 0.54933089017868041992 0.5379301905632019043 0.52683049440383911133
0.91919249296188354492 0.91965621709823608398 0.91967624425888061523 0.91921138763427734375 0.91822212934494018555 0.91667073965072631836 0.91452199220657348633 0.91174346208572387695 0.90830588340759277344 0.90418386459350585938 0.89935612678527832031 0.89380609989166259766 0.88752245903015136719 0.88049942255020141602 0.8727372288703918457 0.86424249410629272461 0.85502856969833374023 0.84511572122573852539 0.83453130722045898438 0.82330989837646484375 0.81149297952651977539 0.79912889003753662109 0.78627246618270874023 0.77298444509506225586 0.75933098793029785156 0.74538260698318481445 0.73121351003646850586 0.71690011024475097656 0.70252001285552978516 0.68815046548843383789 0.67386656999588012695 0.6597397923469543457 0.64583575725555419922 0.63221240043640136719 0.61891740560531616211 0.60598641633987426758 0.59343993663787841797 0.58120006322860717773 0.56920492649078369141 0.55748528242111206055
0.96160978078842163086 0.96203070878982543945 0.96200776100158691406 0.96149897575378417969 0.96046352386474609375 0.95886254310607910156 0.95665943622589111328 0.95382016897201538086 0.95031392574310302734 0.94611346721649169922 0.94119590520858764648 0.93554276227951049805 0.92914080619812011719 0.92198258638381958008 0.91406643390655517578 0.90539753437042236328 0.89598774909973144531 0.88585603237152099609 0.87502872943878173828 0.86353951692581176758 0.85142946243286132812 0.83874666690826416016 0.82554596662521362305 0.81188845634460449219 0.79784089326858520508 0.78347480297088623047 0.76886540651321411133 0.75409066677093505859 0.73922997713088989258 0.72436243295669555664 0.7095654606819152832 0.69491314888000488281 0.68047386407852172852 0.6663087010383605957 0.6524689793586730957 0.63899379968643188477 0.62590807676315307617 0.61311483383178710938 0.60053479671478271484 0.58820486068725585938
1.0036480426788330078 1.0040169954299926758 1.0039430856704711914 1.0033835172653198242 1.0022965669631958008 1.0006420612335205078 0.99838203191757202148 0.99548107385635375977 0.99190676212310791016 0.98763024806976318359 0.9826266169548034668 0.97687578201293945312 0.97036260366439819336 0.96307772397994995117 0.95501780509948730469 0.94618630409240722656 0.93659353256225585938 0.92625713348388671875 0.91520231962203979492 0.90346193313598632812 0.8910763859748840332 0.87809342145919799805 0.86456787586212158203 0.85056102275848388672 0.83614015579223632812 0.8213774561882019043 0.80634933710098266602 0.79113489389419555664 0.77581501007080078125 0.76047056913375854492 0.74518120288848876953 0.73002302646636962891 0.71506708860397338867 0.70037734508514404297 0.68600815534591674805 0.67200219631195068359 0.6583881378173828125 0.64505141973495483398 0.63189679384231567383 0.61896699666976928711
