Example_Dataset/contamination rasters/spline.asc
ncols        354
nrows        251
xllcorner    35034896.598640002310
yllcorner    54060096.598640002310
cellsize     6.802719999999
NODATA_value -3.4028234663852885981e+38
[rows 126 to 143 of 251, columns 160 to 199 of 354]
7.5302090644836425781 7.4221978187561035156 7.3138332366943359375 7.2052736282348632812 7.0967874526977539062 6.9887337684631347656 6.8815393447875976562 6.7756805419921875 6.6716647148132324219 6.5700125694274902344 6.4712405204772949219 6.3758463859558105469 6.2842965126037597656 6.1970119476318359375 6.1143593788146972656 6.0366406440734863281 5.9640870094299316406 5.8968520164489746094 5.8350100517272949219 5.7785506248474121094 5.7273821830749511719 5.6813325881958007812 5.6401495933532714844 5.6035094261169433594 5.5710225105285644531 5.5422406196594238281 5.5166673660278320312 5.4937696456909179688 5.4729895591735839844 5.45375823974609375 5.43550872802734375 5.4176926612854003906 5.3997926712036132812 5.3813395500183105469 5.3619256019592285156 5.3412179946899414062 5.318973541259765625 5.2950353622436523438 5.2690420150756835938 5.2404971122741699219
7.59487152099609375 7.4821949005126953125 7.3692302703857421875 7.2561807632446289062 7.1433568000793457031 7.0311517715454101562 6.9200239181518554688 6.8104753494262695312 6.7030329704284667969 6.5982327461242675781 6.4966020584106445312 6.3986454010009765625 6.3048295974731445312 6.2155742645263671875 6.1312398910522460938 6.0521206855773925781 5.9784350395202636719 5.9103236198425292969 5.8478446006774902344 5.7909717559814453125 5.7395944595336914062 5.6935200691223144531 5.6524801254272460938 5.6161298751831054688 5.5840606689453125 5.5558056831359863281 5.5308508872985839844 5.5086455345153808594 5.4886145591735839844 5.4701738357543945312 5.4527411460876464844 5.4357533454895019531 5.4186797142028808594 5.4010381698608398438 5.3824086189270019531 5.3624463081359863281 5.3408970832824707031 5.3175954818725585938 5.2921690940856933594 5.2641048431396484375
7.6576437950134277344 7.5401153564453125 7.4223895072937011719 7.3047165870666503906 7.1874456405639648438 7.0710058212280273438 6.9558839797973632812 6.8426065444946289062 6.7317185401916503906 6.6237697601318359375 6.51929473876953125 6.4188013076782226562 6.3227572441101074219 6.2315764427185058594 6.1456117630004882812 6.0651454925537109375 5.9903836250305175781 5.9214506149291992188 5.8583874702453613281 5.8011488914489746094 5.7496056556701660156 5.7035455703735351562 5.6626782417297363281 5.6266412734985351562 5.5950055122375488281 5.5672860145568847656 5.5429511070251464844 5.5214323997497558594 5.502140045166015625 5.4844737052917480469 5.4678378105163574219 5.451656341552734375 5.4353852272033691406 5.4185314178466796875 5.4006633758544921875 5.3814272880554199219 5.3605599403381347656 5.3378863334655761719 5.3130178451538085938 5.2854199409484863281
7.7170510292053222656 7.5945062637329101562 7.4718823432922363281 7.3494739532470703125 7.2276711463928222656 7.1069355010986328125 6.987781524658203125 6.8707575798034667969 6.7564258575439453125 6.6453452110290527344 6.5380578041076660156 6.4350719451904296875 6.3368515968322753906 6.243804931640625 6.1562743186950683594 6.0745282173156738281 5.9987573623657226562 5.9290690422058105469 5.8654847145080566406 5.8079395294189453125 5.7562832832336425781 5.7102837562561035156 5.6696295738220214844 5.6339373588562011719 5.60276031494140625 5.5755934715270996094 5.55188751220703125 5.5310587882995605469 5.512500762939453125 5.4956002235412597656 5.4797472953796386719 5.4643535614013671875 5.4488644599914550781 5.4327764511108398438 5.4156479835510253906 5.39711761474609375 5.3769140243530273438 5.3548560142517089844 5.3305315971374511719 5.303386688232421875
7.771823883056640625 7.6441197395324707031 7.5164818763732910156 7.3892493247985839844 7.2628498077392578125 7.1377773284912109375 7.0145730972290039062 6.8938035964965820312 6.7760453224182128906 6.6618671417236328125 6.5518136024475097656 6.446392059326171875 6.3460612297058105469 6.2512197494506835938 6.162197113037109375 6.0792479515075683594 6.002544403076171875 5.9321746826171875 5.8681397438049316406 5.8103532791137695312 5.7586445808410644531 5.7127585411071777344 5.67236328125 5.6370549201965332031 5.6063661575317382812 5.5797743797302246094 5.556713104248046875 5.5365815162658691406 5.5187592506408691406 5.5026183128356933594 5.4875378608703613281 5.4729170799255371094 5.4581913948059082031 5.4428472518920898438 5.4264359474182128906 5.4085874557495117188 5.3890256881713867188 5.3675637245178222656 5.3437666893005371094 5.3170595169067382812
7.8208985328674316406 7.6879124641418457031 7.5551648139953613281 7.423038482666015625 7.2919964790344238281 7.1625647544860839844 7.0353069305419921875 6.9108080863952636719 6.7896566390991210938 6.6724271774291992188 6.5596652030944824219 6.4518752098083496094 6.3495078086853027344 6.2529506683349609375 6.1625180244445800781 6.0784478187561035156 6.0008931159973144531 5.9299206733703613281 5.8655099868774414062 5.8075528144836425781 5.7558546066284179688 5.7101387977600097656 5.67005157470703125 5.6351685523986816406 5.6050019264221191406 5.5790104866027832031 5.5566105842590332031 5.5371861457824707031 5.5201025009155273438 5.5047183036804199219 5.4903998374938964844 5.4765372276306152344 5.4625558853149414062 5.447933197021484375 5.4322133064270019531 5.4150204658508300781 5.3960733413696289062 5.3751811981201171875 5.3518891334533691406 5.3256039619445800781
7.8634152412414550781 7.7250432968139648438 7.5871081352233886719 7.4500346183776855469 7.3143219947814941406 7.1805224418640136719 7.0492229461669921875 6.9210238456726074219 6.7965221405029296875 6.6762971878051757812 6.5608935356140136719 6.450809478759765625 6.3464860916137695312 6.2482962608337402344 6.1565399169921875 6.07143402099609375 5.9931116104125976562 5.9216175079345703125 5.8569073677062988281 5.7988495826721191406 5.7472262382507324219 5.7017378807067871094 5.6620078086853027344 5.6275911331176757812 5.5979795455932617188 5.5726137161254882812 5.5508923530578613281 5.5321850776672363281 5.5158414840698242188 5.5012087821960449219 5.4876422882080078125 5.4745211601257324219 5.4612627029418945312 5.4473357200622558594 5.4322786331176757812 5.4157094955444335938 5.3973441123962402344 5.3769884109497070312 5.3541746139526367188 5.3282918930053710938
7.8987150192260742188 7.7548689842224121094 7.6116852760314941406 7.46962738037109375 7.3292279243469238281 7.1910657882690429688 7.0557470321655273438 6.9238848686218261719 6.796085357666015625 6.6729273796081542969 6.5549535751342773438 6.4426531791687011719 6.336456298828125 6.2367200851440429688 6.1437253952026367188 6.0576696395874023438 5.9786624908447265625 5.9067258834838867188 5.8417906761169433594 5.7837009429931640625 5.7322144508361816406 5.6870074272155761719 5.6476817131042480469 5.61376953125 5.584743499755859375 5.5600256919860839844 5.538997650146484375 5.5210123062133789062 5.5054082870483398438 5.4915189743041992188 5.4786896705627441406 5.466289520263671875 5.4537281990051269531 5.4404673576354980469 5.4260387420654296875 5.41005706787109375 5.3922333717346191406 5.3723735809326171875 5.3500046730041503906 5.32450103759765625
7.926334381103515625 7.7769422531127929688 7.6284613609313964844 7.4813938140869140625 7.3363032341003417969 7.1937928199768066406 7.0544848442077636719 6.9190053939819335938 6.7879633903503417969 6.6619386672973632812 6.5414676666259765625 6.4270305633544921875 6.3190417289733886719 6.2178430557250976562 6.1236944198608398438 6.0367708206176757812 5.9571585655212402344 5.8848543167114257812 5.8197641372680664062 5.7617058753967285156 5.7104125022888183594 5.6655364036560058594 5.6266560554504394531 5.5932817459106445312 5.5648660659790039062 5.5408120155334472656 5.5204854011535644531 5.5032243728637695312 5.4883518218994140625 5.4751925468444824219 5.4630794525146484375 5.4513745307922363281 5.4394783973693847656 5.4268474578857421875 5.4130077362060546875 5.3975687026977539062 5.3802404403686523438 5.3608288764953613281 5.3388652801513671875 5.3137140274047851562
7.9459972381591796875 7.7909994125366210938 7.6371855735778808594 7.4850935935974121094 7.335315704345703125 7.1884775161743164062 7.0452165603637695312 6.9061665534973144531 6.7719407081604003906 6.6431155204772949219 6.5202198028564453125 6.4037222862243652344 6.2940216064453125 6.1914396286010742188 6.0962157249450683594 6.0085010528564453125 5.9283566474914550781 5.8557529449462890625 5.7905697822570800781 5.7325987815856933594 5.6815476417541503906 5.6370439529418945312 5.5986418724060058594 5.5658307075500488281 5.5380420684814453125 5.5146608352661132812 5.4950361251831054688 5.4784913063049316406 5.4643368721008300781 5.4518847465515136719 5.440460205078125 5.4294161796569824219 5.4181461334228515625 5.406101226806640625 5.3928022384643554688 5.3778553009033203125 5.3609681129455566406 5.3419480323791503906 5.3203444480895996094 5.2955136299133300781
7.9576077461242675781 7.7969560623168945312 7.6377820968627929688 7.4806580543518066406 7.3262028694152832031 7.1750612258911132812 7.0278844833374023438 6.8853130340576171875 6.7479600906372070312 6.6163983345031738281 6.4911470413208007812 6.3726601600646972656 6.2613201141357421875 6.1574282646179199219 6.0612001419067382812 5.9727616310119628906 5.8921489715576171875 5.8193044662475585938 5.7540812492370605469 5.6962442398071289062 5.6454744338989257812 5.6013741493225097656 5.5634741783142089844 5.5312409400939941406 5.5040860176086425781 5.48137664794921875 5.462444305419921875 5.446598052978515625 5.4331369400024414062 5.4213614463806152344 5.410587310791015625 5.4001598358154296875 5.3894677162170410156 5.3779554367065429688 5.3651404380798339844 5.3506259918212890625 5.3341174125671386719 5.3154253959655761719 5.2941288948059082031 5.2695817947387695312
7.9612379074096679688 7.7948927879333496094 7.6303386688232421875 7.4681797027587890625 7.3090600967407226562 7.1536412239074707031 7.0025858879089355469 6.8565382957458496094 6.7161121368408203125 6.5818719863891601562 6.4543271064758300781 6.33391571044921875 6.22100067138671875 6.1158614158630371094 6.0186901092529296875 5.9295859336853027344 5.8485574722290039062 5.7755198478698730469 5.7102980613708496094 5.6526288986206054688 5.6021671295166015625 5.5584893226623535156 5.5211029052734375 5.4894509315490722656 5.4629254341125488281 5.4408745765686035156 5.4226136207580566406 5.4074378013610839844 5.3946337699890136719 5.3834919929504394531 5.3733186721801757812 5.3634538650512695312 5.3532795906066894531 5.3422365188598632812 5.3298387527465820312 5.3156876564025878906 5.2994871139526367188 5.2810506820678710938 5.26000213623046875 5.2356958389282226562
7.9571146965026855469 7.7850427627563476562 7.6150927543640136719 7.4478993415832519531 7.2841281890869140625 7.1244564056396484375 6.9695563316345214844 6.8200750350952148438 6.6766223907470703125 6.5397553443908691406 6.4099702835083007812 6.2876882553100585938 6.173252105712890625 6.0669178962707519531 5.9688520431518554688 5.8791270256042480469 5.7977228164672851562 5.7245259284973144531 5.6593332290649414062 5.6018528938293457031 5.5517129898071289062 5.5084643363952636719 5.4715886116027832031 5.4405083656311035156 5.4145941734313964844 5.3931756019592285156 5.3755526542663574219 5.3610062599182128906 5.3488106727600097656 5.3382468223571777344 5.3286142349243164062 5.319244384765625 5.3095164299011230469 5.2988672256469726562 5.2868094444274902344 5.27294158935546875 5.2569684982299804688 5.23870849609375 5.2178416252136230469 5.1937284469604492188
7.9456028938293457031 7.7677760124206542969 7.5924177169799804688 7.4201898574829101562 7.2517786026000976562 7.0878758430480957031 6.9291601181030273438 6.776279449462890625 6.6298389434814453125 6.490386962890625 6.3584046363830566406 6.234294891357421875 6.1183791160583496094 6.0108890533447265625 5.9119639396667480469 5.8216485977172851562 5.7398943901062011719 5.6665582656860351562 5.6014075279235839844 5.5441231727600097656 5.4943037033081054688 5.4514751434326171875 5.4150943756103515625 5.3845615386962890625 5.3592267036437988281 5.3384013175964355469 5.3213686943054199219 5.3073968887329101562 5.2957487106323242188 5.2856945991516113281 5.2765278816223144531 5.267574310302734375 5.2582087516784667969 5.2478666305541992188 5.2360582351684570312 5.2223834991455078125 5.2065472602844238281 5.1883749961853027344 5.1676168441772460938 5.1436429023742675781
7.9271893501281738281 7.7435827255249023438 7.5628042221069335938 7.3855409622192382812 7.2124986648559570312 7.04438018798828125 6.881870269775390625 6.7256169319152832031 6.5762181282043457031 6.4342122077941894531 6.3000631332397460938 6.1741557121276855469 6.0567884445190429688 5.9481668472290039062 5.8484034538269042969 5.7575139999389648438 5.6754202842712402344 5.6019492149353027344 5.5368390083312988281 5.479740142822265625 5.4302258491516113281 5.3877935409545898438 5.3518767356872558594 5.3218526840209960938 5.2970509529113769531 5.2767648696899414062 5.2602620124816894531 5.2467970848083496094 5.2356209754943847656 5.2259960174560546875 5.2172083854675292969 5.2085790634155273438 5.1994795799255371094 5.1893439292907714844 5.1776838302612304688 5.1641001701354980469 5.1482996940612792969 5.1301178932189941406 5.1093883514404296875 5.0854949951171875
7.9024639129638671875 7.7130541801452636719 7.5268421173095703125 7.3445401191711425781 7.1668701171875 6.9945459365844726562 6.8282556533813476562 6.6686458587646484375 6.516307830810546875 6.3717660903930664062 6.2354688644409179688 6.10778045654296875 5.9889750480651855469 5.8792319297790527344 5.7786359786987304688 5.6871728897094726562 5.6047344207763671875 5.5311174392700195312 5.4660291671752929688 5.4090924263000488281 5.3598508834838867188 5.3177762031555175781 5.2822775840759277344 5.25270843505859375 5.2283792495727539062 5.2085652351379394531 5.1925182342529296875 5.1794781684875488281 5.1686873435974121094 5.1593985557556152344 5.1508908271789550781 5.1424822807312011719 5.133541107177734375 5.1235017776489257812 5.1118769645690917969 5.098270416259765625 5.082393646240234375 5.0640950202941894531 5.0433068275451660156 5.0194311141967773438
7.8720960617065429688 7.676860809326171875 7.4852018356323242188 7.2978534698486328125 7.1155538558959960938 6.9390263557434082031 6.7689609527587890625 6.6060013771057128906 6.4507308006286621094 6.3036603927612304688 6.1652202606201171875 6.0357527732849121094 5.915508270263671875 5.8046393394470214844 5.7032008171081542969 5.6111493110656738281 5.5283455848693847656 5.454555511474609375 5.3894567489624023438 5.3326416015625 5.2836260795593261719 5.2418551445007324219 5.2067136764526367188 5.1775331497192382812 5.15360260009765625 5.1341791152954101562 5.1185002326965332031 5.105792999267578125 5.0952882766723632812 5.0862307548522949219 5.0778942108154296875 5.0695924758911132812 5.0606927871704101562 5.0506296157836914062 5.0389180183410644531 5.0251669883728027344 5.0090932846069335938 4.99056243896484375 4.9696192741394042969 4.9456944465637207031
7.8368144035339355469 7.6357321739196777344 7.4386105537414550781 7.2462053298950195312 7.059268951416015625 6.8785328865051269531 6.70468902587890625 6.5383768081665039062 6.3801693916320800781 6.230564117431640625 6.0899729728698730469 5.9587159156799316406 5.8370175361633300781 5.7250027656555175781 5.6226978302001953125 5.5300283432006835938 5.4468235969543457031 5.3728189468383789062 5.3076610565185546875 5.2509131431579589844 5.2020626068115234375 5.1605281829833984375 5.1256699562072753906 5.0967965126037597656 5.0731778144836425781 5.0540528297424316406 5.0386433601379394531 5.0261645317077636719 5.0158362388610839844 5.0068964958190917969 4.9986133575439453125 4.9902973175048828125 4.9813151359558105469 4.9711017608642578125 4.9591770172119140625 4.9451546669006347656 4.9287600517272949219 4.9098773002624511719 4.8886799812316894531 4.8646349906921386719
