Example_Dataset/contamination rasters/spline.asc
ncols        354
nrows        251
xllcorner    35034896.598640002310
yllcorner    54060096.598640002310
cellsize     6.802719999999
NODATA_value -3.4028234663852885981e+38
[rows 90 to 107 of 251, columns 160 to 199 of 354]
4.812408447265625 4.8074979782104492188 4.8020215034484863281 4.7954182624816894531 4.7872080802917480469 4.7769856452941894531 4.7644252777099609375 4.7492742538452148438 4.7313551902770996094 4.7105588912963867188 4.6868424415588378906 4.6602225303649902344 4.6307711601257324219 4.598606109619140625 4.5638861656188964844 4.5268034934997558594 4.4875779151916503906 4.4464497566223144531 4.4036731719970703125 4.3595142364501953125 4.3142414093017578125 4.2681231498718261719 4.2214231491088867188 4.1743969917297363281 4.1272859573364257812 4.0803160667419433594 4.0336942672729492188 3.9876041412353515625 3.9422068595886230469 3.8976356983184814453 3.8539955615997314453 3.8113613128662109375 3.7697761058807373047 3.7292504310607910156 3.6897606849670410156 3.6512491703033447266 3.6136214733123779297 3.5767624378204345703 3.5406785011291503906 3.5052251815795898438
4.88346099853515625 4.8775744438171386719 4.8711538314819335938 4.8636298179626464844 4.854511260986328125 4.8433880805969238281 4.8299274444580078125 4.8138728141784667969 4.7950420379638671875 4.7733249664306640625 4.7486767768859863281 4.7211146354675292969 4.6907100677490234375 4.6575822830200195312 4.6218900680541992188 4.5838260650634765625 4.5436100959777832031 4.5014805793762207031 4.4576926231384277344 4.4125089645385742188 4.3661966323852539062 4.3190226554870605469 4.2712473869323730469 4.2231235504150390625 4.1748905181884765625 4.1267714500427246094 4.07897186279296875 4.0316743850708007812 3.98503875732421875 3.9391992092132568359 3.8942625522613525391 3.8503069877624511719 3.8073804378509521484 3.7655005455017089844 3.7246527671813964844 3.6847906112670898438 3.6458342075347900391 3.6076803207397460938 3.5703008174896240234 3.5335497856140136719
4.9552903175354003906 4.9483423233032226562 4.940891265869140625 4.9323568344116210938 4.9222412109375 4.9101266860961914062 4.8956751823425292969 4.878627777099609375 4.858798980712890625 4.8360767364501953125 4.8104166984558105469 4.7818360328674316406 4.7504086494445800781 4.7162547111511230469 4.679534912109375 4.6404423713684082031 4.5991969108581542969 4.5560374259948730469 4.5112175941467285156 4.4649982452392578125 4.4176449775695800781 4.3694214820861816406 4.3205866813659667969 4.2713885307312011719 4.2220640182495117188 4.1728329658508300781 4.123897552490234375 4.0754389762878417969 4.0276150703430175781 3.9805591106414794922 3.9343793392181396484 3.8891561031341552734 3.8449418544769287109 3.8017599582672119141 3.7596046924591064453 3.7184407711029052734 3.6782019138336181641 3.6387979984283447266 3.6001665592193603516 3.5621597766876220703
5.0278306007385253906 5.0197339057922363281 5.01116180419921875 5.0015254020690917969 4.9903192520141601562 4.9771203994750976562 4.9615869522094726562 4.9434566497802734375 4.922542572021484375 4.8987326622009277344 4.8719830513000488281 4.8423132896423339844 4.8097987174987792969 4.774562835693359375 4.7367677688598632812 4.6966090202331542969 4.6543064117431640625 4.6100993156433105469 4.5642399787902832031 4.5169887542724609375 4.4686083793640136719 4.4193596839904785156 4.3694972991943359375 4.31926727294921875 4.2689008712768554688 4.2186145782470703125 4.1686067581176757812 4.1190543174743652344 4.0701131820678710938 4.021915435791015625 3.9745676517486572266 3.9281523227691650391 3.8827245235443115234 3.8383133411407470703 3.7949209213256835938 3.7525219917297363281 3.7110643386840820312 3.6704707145690917969 3.6306447982788085938 3.5914375782012939453
5.1010189056396484375 5.09168243408203125 5.0818958282470703125 5.0710625648498535156 5.0586700439453125 5.0442914962768554688 5.0275821685791015625 5.0082774162292480469 4.9861917495727539062 4.9612135887145996094 4.9332995414733886719 4.9024729728698730469 4.86881256103515625 4.8324451446533203125 4.7935361862182617188 4.7522821426391601562 4.7089047431945800781 4.6636433601379394531 4.6167502403259277344 4.5684838294982910156 4.51910400390625 4.4688692092895507812 4.41802978515625 4.3668260574340820312 4.3154859542846679688 4.2642197608947753906 4.2132210731506347656 4.162662506103515625 4.1126952171325683594 4.0634484291076660156 4.0150279998779296875 3.9675152301788330078 3.9209675788879394531 3.8754186630249023438 3.8308768272399902344 3.7873272895812988281 3.7447302341461181641 3.7030212879180908203 3.6620721817016601562 3.6217322349548339844
5.1747941970825195312 5.1641240119934082031 5.1530261039733886719 5.1408972740173339844 5.12722015380859375 5.1115636825561523438 5.0935821533203125 5.0730118751525878906 5.0496678352355957031 5.0234403610229492188 4.9942903518676757812 4.9622440338134765625 4.9273848533630371094 4.889842987060546875 4.8497877120971679688 4.8074183464050292969 4.7629580497741699219 4.7166471481323242188 4.6687364578247070312 4.61948394775390625 4.5691461563110351562 4.5179781913757324219 4.4662251472473144531 4.4141230583190917969 4.3618927001953125 4.3097386360168457031 4.2578482627868652344 4.2063875198364257812 4.1555032730102539062 4.1053194999694824219 4.0559391975402832031 4.0074415206909179688 3.9598853588104248047 3.9133067131042480469 3.8677201271057128906 3.8231189250946044922 3.7794764041900634766 3.7367393970489501953 3.6947505474090576172 3.6533563137054443359
5.2491002082824707031 5.2369985580444335938 5.2244896888732910156 5.210964202880859375 5.19589996337890625 5.1788654327392578125 5.1595149040222167969 5.1375856399536132812 5.1128964424133300781 5.0853409767150878906 5.0548853874206542969 5.0215601921081542969 4.9854536056518554688 4.9467005729675292969 4.9054741859436035156 4.86197662353515625 4.8164334297180175781 4.7690858840942382812 4.7201852798461914062 4.6699862480163574219 4.618743896484375 4.5667080879211425781 4.5141191482543945312 4.4612064361572265625 4.408184051513671875 4.3552494049072265625 4.302581787109375 4.250339508056640625 4.1986627578735351562 4.1476697921752929688 4.0974574089050292969 4.0481038093566894531 3.9996654987335205078 3.9521806240081787109 3.9056677818298339844 3.8601284027099609375 3.8155467510223388672 3.7718813419342041016 3.728946685791015625 3.6865873336791992188
5.3238859176635742188 5.3102526664733886719 5.296230316162109375 5.2812027931213378906 5.2646479606628417969 5.2461328506469726562 5.2253136634826660156 5.2019319534301757812 5.1758108139038085938 5.1468496322631835938 5.115020751953125 5.08036041259765625 5.0429615974426269531 5.0029654502868652344 4.9605479240417480469 4.9159169197082519531 4.8692989349365234375 4.8209366798400878906 4.7710809707641601562 4.7199859619140625 4.6679019927978515625 4.6150751113891601562 4.5617394447326660156 4.5081167221069335938 4.4544134140014648438 4.40081787109375 4.3475003242492675781 4.2946105003356933594 4.2422800064086914062 4.1906185150146484375 4.1397175788879394531 4.0896496772766113281 4.0404696464538574219 3.9922149181365966797 3.9449076652526855469 3.8985555171966552734 3.8531522750854492188 3.8086686134338378906 3.7648923397064208984 3.7216658592224121094
5.3991069793701171875 5.3838391304016113281 5.3681969642639160156 5.3515610694885253906 5.333408355712890625 5.3133082389831542969 5.2909207344055175781 5.2659921646118164062 5.2383527755737304688 5.2079091072082519531 5.1746401786804199219 5.1385903358459472656 5.0998582839965820312 5.0585894584655761719 5.0149674415588378906 4.9692015647888183594 4.9215230941772460938 4.8721752166748046875 4.8214087486267089844 4.7694754600524902344 4.7166228294372558594 4.6630907058715820312 4.6091065406799316406 4.5548849105834960938 4.500621795654296875 4.4464964866638183594 4.3926677703857421875 4.3392763137817382812 4.2864413261413574219 4.2342648506164550781 4.1828298568725585938 4.1322021484375 4.082431793212890625 4.0335555076599121094 3.9855964183807373047 3.9385671615600585938 3.8924708366394042969 3.8472874164581298828 3.8027820587158203125 3.7587945461273193359
5.4747262001037597656 5.4577183723449707031 5.4403476715087890625 5.4219937324523925781 5.4021344184875488281 5.3803434371948242188 5.3562855720520019531 5.329715728759765625 5.3004713058471679688 5.2684688568115234375 5.2336950302124023438 5.1962022781372070312 5.1560969352722167969 5.1135315895080566406 5.0686931610107421875 5.0217976570129394531 4.9730777740478515625 4.922779083251953125 4.8711519241333007812 4.8184456825256347656 4.7649035453796386719 4.7107596397399902344 4.6562347412109375 4.6015329360961914062 4.546840667724609375 4.4923248291015625 4.4381341934204101562 4.3843951225280761719 4.3312163352966308594 4.2786874771118164062 4.2268824577331542969 4.1758584976196289062 4.125659942626953125 4.0763192176818847656 4.0278601646423339844 3.9802985191345214844 3.9336450099945068359 3.8878891468048095703 3.8427748680114746094 3.7981388568878173828
5.5507144927978515625 5.5318584442138671875 5.5126481056213378906 5.4924640655517578125 5.47078704833984375 5.44719696044921875 5.4213666915893554688 5.3930602073669433594 5.3621244430541992188 5.3284859657287597656 5.2921428680419921875 5.2531561851501464844 5.2116398811340332031 5.1677536964416503906 5.1216917037963867188 5.0736737251281738281 5.0239362716674804688 4.9727263450622558594 4.9202933311462402344 4.8668842315673828125 4.8127384185791015625 4.7580828666687011719 4.7031297683715820312 4.6480736732482910156 4.5930891036987304688 4.5383305549621582031 4.4839320182800292969 4.4300079345703125 4.3766522407531738281 4.3239421844482421875 4.2719392776489257812 4.2206902503967285156 4.1702318191528320312 4.1205921173095703125 4.0717926025390625 4.0238504409790039062 3.9767832756042480469 3.9305882453918457031 3.8849909305572509766 3.8398251533508300781
5.6270494461059570312 5.6062340736389160156 5.5850710868835449219 5.5629425048828125 5.5393352508544921875 5.5138368606567382812 5.4861302375793457031 5.455989837646484375 5.4232759475708007812 5.3879256248474121094 5.3499484062194824219 5.3094162940979003906 5.2664523124694824219 5.2212238311767578125 5.1739325523376464844 5.1248025894165039062 5.07407379150390625 5.0219950675964355469 4.9688153266906738281 4.9147782325744628906 4.8601179122924804688 4.8050546646118164062 4.7497911453247070312 4.6945109367370605469 4.6393756866455078125 4.5845255851745605469 4.5300807952880859375 4.4761385917663574219 4.4227786064147949219 4.3700628280639648438 4.3180389404296875 4.2667422294616699219 4.2161993980407714844 4.166431427001953125 4.1174559593200683594 4.0692911148071289062 4.0219583511352539062 3.9754624366760253906 3.9295132160186767578 3.8839409351348876953
5.7037167549133300781 5.6808285713195800781 5.6575961112976074219 5.6334061622619628906 5.607753753662109375 5.5802359580993652344 5.5505480766296386719 5.5184769630432128906 5.4838962554931640625 5.4467573165893554688 5.4070820808410644531 5.3649535179138183594 5.3205056190490722656 5.2739148139953613281 5.2253890037536621094 5.1751585006713867188 5.1234674453735351562 5.07056427001953125 5.0166983604431152344 4.9621100425720214844 4.9070272445678710938 4.8516631126403808594 4.7962098121643066406 4.7408385276794433594 4.6856966018676757812 4.6309103965759277344 4.5765819549560546875 4.5227918624877929688 4.4696035385131835938 4.4170613288879394531 4.3651976585388183594 4.31403350830078125 4.2635846138000488281 4.2138624191284179688 4.1648797988891601562 4.1166534423828125 4.0692071914672851562 4.0225529670715332031 3.9763863086700439453 3.9305336475372314453
5.7807054519653320312 5.7556290626525878906 5.7302088737487792969 5.7038393020629882812 5.6760244369506835938 5.6463747024536132812 5.6145982742309570312 5.5804982185363769531 5.5439624786376953125 5.5049571990966796875 5.4635190963745117188 5.4197430610656738281 5.3737750053405761719 5.3258013725280761719 5.2760376930236816406 5.2247190475463867188 5.1720938682556152344 5.1184129714965820312 5.0639224052429199219 5.0088605880737304688 4.9534487724304199219 4.8978910446166992188 4.84236907958984375 4.7870402336120605469 4.7320375442504882812 4.6774702072143554688 4.6234216690063476562 4.5699558258056640625 4.5171151161193847656 4.4649262428283691406 4.4134044647216796875 4.3625555038452148438 4.3123803138732910156 4.2628803253173828125 4.2140612602233886719 4.1659364700317382812 4.1185317039489746094 4.0718631744384765625 4.0256152153015136719 3.9796106815338134766
5.8580098152160644531 5.8306269645690917969 5.802898406982421875 5.7742280960083007812 5.7441325187683105469 5.7122359275817871094 5.6782636642456054688 5.6420345306396484375 5.6034541130065917969 5.5625047683715820312 5.519237518310546875 5.4737634658813476562 5.4262394905090332031 5.3768620491027832031 5.3258557319641113281 5.2734618186950683594 5.2199320793151855469 5.1655178070068359375 5.1104650497436523438 5.0550065040588378906 4.9993581771850585938 4.943714141845703125 4.8882431983947753906 4.8330898284912109375 4.7783708572387695312 4.7241759300231933594 4.6705708503723144531 4.6175980567932128906 4.5652804374694824219 4.5136246681213378906 4.4626259803771972656 4.4122729301452636719 4.3625507354736328125 4.3134489059448242188 4.2649636268615722656 4.2171044349670410156 4.1698961257934570312 4.1233582496643066406 4.0771670341491699219 4.0311398506164550781
5.9356255531311035156 5.9058156013488769531 5.8756556510925292969 5.8445615768432617188 5.8120646476745605469 5.7778058052062988281 5.7415280342102050781 5.7030692100524902344 5.6623530387878417969 5.6193804740905761719 5.5742192268371582031 5.5269947052001953125 5.4778776168823242188 5.4270758628845214844 5.3748216629028320312 5.3213639259338378906 5.2669572830200195312 5.2118544578552246094 5.156299591064453125 5.1005206108093261719 5.0447263717651367188 4.9890999794006347656 4.9337987899780273438 4.8789505958557128906 4.8246555328369140625 4.770984649658203125 4.7179818153381347656 4.6656689643859863281 4.6140465736389160156 4.5630993843078613281 4.5128021240234375 4.4631228446960449219 4.4140310287475585938 4.3655009269714355469 4.3175187110900878906 4.2700872421264648438 4.2232289314270019531 4.1769666671752929688 4.1309690475463867188 4.0850472450256347656
6.0135478973388671875 5.9811882972717285156 5.9484720230102539062 5.914829254150390625 5.8798084259033203125 5.8430700302124023438 5.8043761253356933594 5.7635855674743652344 5.7206425666809082031 5.6755666732788085938 5.6284441947937011719 5.5794167518615722656 5.5286688804626464844 5.4764204025268554688 5.4229130744934082031 5.3684015274047851562 5.313144683837890625 5.2573957443237304688 5.2013964653015136719 5.1453700065612792969 5.0895166397094726562 5.0340094566345214844 4.9789910316467285156 4.9245743751525878906 4.8708395957946777344 4.8178377151489257812 4.7655920982360839844 4.714099884033203125 4.6633391380310058594 4.6132707595825195312 4.5638470649719238281 4.5150156021118164062 4.4667263031005859375 4.4189381599426269531 4.3716244697570800781 4.3247790336608886719 4.2784228324890136719 4.2325773239135742188 4.1869077682495117188 4.1412186622619628906
6.0917687416076660156 6.0567340850830078125 6.0213341712951660156 5.9850163459777832031 5.9473485946655273438 5.9080114364624023438 5.8667898178100585938 5.8235650062561035156 5.7783021926879882812 5.7310428619384765625 5.6818919181823730469 5.631008148193359375 5.5785913467407226562 5.5248727798461914062 5.470104217529296875 5.4145474433898925781 5.3584642410278320312 5.3021082878112792969 5.2457194328308105469 5.1895146369934082031 5.133686065673828125 5.0783939361572265625 5.0237669944763183594 4.9699001312255859375 4.9168558120727539062 4.86466217041015625 4.8133196830749511719 4.7628021240234375 4.7130618095397949219 4.664035797119140625 4.6156516075134277344 4.5678343772888183594 4.5205140113830566406 4.4736309051513671875 4.4271450042724609375 4.3810405731201171875 4.3353323936462402344 4.290042877197265625 4.2448329925537109375 4.1994991302490234375
