Example_Dataset/contamination rasters/spline.asc
ncols        354
nrows        251
xllcorner    35034896.598640002310
yllcorner    54060096.598640002310
cellsize     6.802719999999
NODATA_value -3.4028234663852885981e+38
[rows 198 to 215 of 251, columns 240 to 279 of 354]
-0.037418857216835021973 -0.038646064698696136475 -0.040010113269090652466 -0.041468277573585510254 -0.042978882789611816406 -0.044501658529043197632 -0.045997906476259231567 -0.047431059181690216064 -0.048766460269689559937 -0.049971718341112136841 -0.05101682618260383606 -0.051874235272407531738 -0.0525189228355884552 -0.052928473800420761108 -0.053083125501871109009 -0.052965808659791946411 -0.052562199532985687256 -0.051860775798559188843 -0.05085287243127822876 -0.049532752484083175659 -0.047897674143314361572 -0.045948006212711334229 -0.043687324970960617065 -0.041122548282146453857 -0.038264095783233642578 -0.035126045346260070801 -0.031726319342851638794 -0.02808691561222076416 -0.024234112352132797241 -0.020198734477162361145 -0.016016410663723945618 -0.011727843433618545532 -0.0073791067115962505341 -0.0030219310428947210312 0.0012859650887548923492 0.0054805334657430648804 0.0095030833035707473755 0.013328226283192634583 0.01691111735999584198 0.020211860537528991699
-0.043288983404636383057 -0.044431112706661224365 -0.045745659619569778442 -0.04718484729528427124 -0.048702068626880645752 -0.050252161920070648193 -0.051791954785585403442 -0.053280252963304519653 -0.054678186774253845215 -0.055949337780475616455 -0.057059917598962783813 -0.057978861033916473389 -0.058677900582551956177 -0.059131655842065811157 -0.059317681938409805298 -0.059216529130935668945 -0.058811772614717483521 -0.058090090751647949219 -0.057041306048631668091 -0.055658441036939620972 -0.053937826305627822876 -0.051879152655601501465 -0.049485608935356140137 -0.046763982623815536499 -0.043724823743104934692 -0.040382593870162963867 -0.036755867302417755127 -0.032867521047592163086 -0.028744962066411972046 -0.024420389905571937561 -0.019931046292185783386 -0.015319499187171459198 -0.01063394639641046524 -0.0059285177849233150482 -0.0012635914608836174011 0.0032938993535935878754 0.0076857847161591053009 0.011895459145307540894 0.015876391902565956116 0.019586170092225074768
-0.048889853060245513916 -0.049926705658435821533 -0.051170911639928817749 -0.052569977939128875732 -0.054072588682174682617 -0.055629163980484008789 -0.057192016392946243286 -0.058715708553791046143 -0.060157299041748046875 -0.061476510018110275269 -0.062635898590087890625 -0.063600979745388031006 -0.06434033811092376709 -0.064825676381587982178 -0.065031915903091430664 -0.064937233924865722656 -0.064523115754127502441 -0.063774429261684417725 -0.0626794472336769104 -0.061229936778545379639 -0.059421222656965255737 -0.05725228041410446167 -0.054725833237171173096 -0.051848482340574264526 -0.048630829900503158569 -0.045087661594152450562 -0.04123810306191444397 -0.037105843424797058105 -0.032719351351261138916 -0.028112111613154411316 -0.023322911933064460754 -0.018396113067865371704 -0.013381949625909328461 -0.0083368439227342605591 -0.0033237000461667776108 0.0015878042904660105705 0.0063395667821168899536 0.01092194579541683197 0.015286677516996860504 0.01938893832266330719
-0.054325945675373077393 -0.055235017091035842896 -0.056385453790426254272 -0.057720381766557693481 -0.059184122830629348755 -0.060722902417182922363 -0.062284845858812332153 -0.063820511102676391602 -0.065283097326755523682 -0.066628642380237579346 -0.067816205322742462158 -0.068808034062385559082 -0.069569654762744903564 -0.070069946348667144775 -0.070281267166137695312 -0.070179454982280731201 -0.069743946194648742676 -0.06895777583122253418 -0.067807681858539581299 -0.066284134984016418457 -0.064381450414657592773 -0.062097832560539245605 -0.059435497969388961792 -0.056400787085294723511 -0.053004313260316848755 -0.049261100590229034424 -0.045190773904323577881 -0.040817759931087493896 -0.036171507090330123901 -0.031286731362342834473 -0.026203677058219909668 -0.020968414843082427979 -0.015633124858140945435 -0.010256404057145118713 -0.0049035465344786643982 0.000353173818439245224 0.0054552932269871234894 0.010398359969258308411 0.015132330358028411865 0.019610092043876647949
-0.059703323990106582642 -0.060460325330495834351 -0.061491470783948898315 -0.06273581087589263916 -0.064133852720260620117 -0.065627738833427429199 -0.067161783576011657715 -0.068682797253131866455 -0.070140369236469268799 -0.071487046778202056885 -0.072678618133068084717 -0.073674194514751434326 -0.074436388909816741943 -0.074931375682353973389 -0.075129009783267974854 -0.075002886354923248291 -0.07453040778636932373 -0.073692843317985534668 -0.072475388646125793457 -0.070867232978343963623 -0.068861648440361022949 -0.066456042230129241943 -0.063652090728282928467 -0.060455843806266784668 -0.056877855211496353149 -0.052933346480131149292 -0.048642374575138092041 -0.044030040502548217773 -0.039126701653003692627 -0.03396822512149810791 -0.028596242889761924744 -0.023058434948325157166 -0.017408823594450950623 -0.011708051897585391998 -0.006023665890097618103 -0.00043038386502303183079 0.0050125736743211746216 0.010304254479706287384 0.015392786823213100433 0.020228888839483261108
-0.065129540860652923584 -0.065708912909030914307 -0.066593632102012634277 -0.067719250917434692383 -0.069022551178932189941 -0.070442117750644683838 -0.07191874086856842041 -0.073395773768424987793 -0.074819453060626983643 -0.07613909989595413208 -0.077307410538196563721 -0.078280575573444366455 -0.07901843637228012085 -0.079484604299068450928 -0.07964655756950378418 -0.079475723206996917725 -0.078947551548480987549 -0.078041590750217437744 -0.076741524040699005127 -0.075035281479358673096 -0.07291507720947265625 -0.07037754356861114502 -0.067423775792121887207 -0.064059503376483917236 -0.060295186936855316162 -0.056146185845136642456 -0.051632940769195556641 -0.046781163662672042847 -0.041622057557106018066 -0.036192558705806732178 -0.030535593628883361816 -0.024700362235307693481 -0.018742602318525314331 -0.012724874541163444519 -0.0067168357782065868378 -0.0007954845787025988102 0.0049788476899266242981 0.010607139207422733307 0.016035640612244606018 0.021213009953498840332
-0.070713557302951812744 -0.071088962256908416748 -0.071799196302890777588 -0.072776526212692260742 -0.073954537510871887207 -0.075268581509590148926 -0.076656259596347808838 -0.07805779576301574707 -0.079416364431381225586 -0.080678328871726989746 -0.08179353177547454834 -0.082715429365634918213 -0.083401300013065338135 -0.083812348544597625732 -0.083913818001747131348 -0.083675079047679901123 -0.083069726824760437012 -0.082075640559196472168 -0.080675065517425537109 -0.078854687511920928955 -0.076605722308158874512 -0.073923990130424499512 -0.070810027420520782471 -0.067269198596477508545 -0.063311845064163208008 -0.058953445404767990112 -0.054214760661125183105 -0.04912205040454864502 -0.043707292526960372925 -0.03800841793417930603 -0.032069552689790725708 -0.025941301137208938599 -0.019680997356772422791 -0.013352983631193637848 -0.0070288693532347679138 -0.0007877746247686445713 0.0053085684776306152344 0.011261661536991596222 0.017015825957059860229 0.022517746314406394958
-0.076565653085708618164 -0.076710626482963562012 -0.077217750251293182373 -0.078016519546508789062 -0.079037681221961975098 -0.080213770270347595215 -0.081479541957378387451 -0.082772441208362579346 -0.084032885730266571045 -0.085204556584358215332 -0.086234703660011291504 -0.087074309587478637695 -0.087678290903568267822 -0.088005624711513519287 -0.08801946789026260376 -0.087687276303768157959 -0.086980909109115600586 -0.085876673460006713867 -0.084355443716049194336 -0.082402728497982025146 -0.080008752644062042236 -0.07716856151819229126 -0.073882132768630981445 -0.070154473185539245605 -0.065995790064334869385 -0.061421606689691543579 -0.056452985852956771851 -0.051116682589054107666 -0.045445367693901062012 -0.039477877318859100342 -0.033259443938732147217 -0.026841957122087478638 -0.020284218713641166687 -0.013652206398546695709 -0.0070193270221352577209 -0.00046664604451507329941 0.0059424806386232376099 0.012208878993988037109 0.018274880945682525635 0.024085272103548049927
-0.08279749751091003418 -0.082685843110084533691 -0.082961313426494598389 -0.083551041781902313232 -0.084383375942707061768 -0.085388407111167907715 -0.086498461663722991943 -0.087648510932922363281 -0.088776573538780212402 -0.089823946356773376465 -0.09073559194803237915 -0.091460257768630981445 -0.091950714588165283203 -0.092163927853107452393 -0.092061169445514678955 -0.091608121991157531738 -0.090775035321712493896 -0.089536771178245544434 -0.087872914969921112061 -0.085767865180969238281 -0.083210922777652740479 -0.080196395516395568848 -0.07672370225191116333 -0.072797507047653198242 -0.068427853286266326904 -0.063630320131778717041 -0.058426186442375183105 -0.052842658013105392456 -0.046913035213947296143 -0.040676966309547424316 -0.034180678427219390869 -0.027477227151393890381 -0.02062674984335899353 -0.013696705922484397888 -0.0067621325142681598663 9.4134622486308217049e-05 0.0068069845438003540039 0.013375618495047092438 0.019740313291549682617 0.025844002142548561096
-0.089521974325180053711 -0.089128375053405761719 -0.089144252240657806396 -0.089494846761226654053 -0.090106524527072906494 -0.090907342731952667236 -0.091827556490898132324 -0.092800088226795196533 -0.093760855495929718018 -0.094649143517017364502 -0.095407873392105102539 -0.095983862876892089844 -0.096327997744083404541 -0.096395447850227355957 -0.096145778894424438477 -0.095543108880519866943 -0.094556219875812530518 -0.093158654868602752686 -0.091328829526901245117 -0.089050106704235076904 -0.086310945451259613037 -0.083104945719242095947 -0.079431019723415374756 -0.075293488800525665283 -0.070702224969863891602 -0.065672822296619415283 -0.060226783156394958496 -0.05439166724681854248 -0.048201337456703186035 -0.041696161031723022461 -0.034923255443572998047 -0.027936719357967376709 -0.020797872915863990784 -0.013575509190559387207 -0.006346116773784160614 0.00080588011769577860832 0.0078135859221220016479 0.014673924073576927185 0.021325046196579933167 0.027708044275641441345
-0.0968532562255859375 -0.096153758466243743896 -0.095883287489414215088 -0.095965608954429626465 -0.09632552415132522583 -0.096889473497867584229 -0.097586065530776977539 -0.098346523940563201904 -0.099105045199394226074 -0.099799223244190216064 -0.10037028789520263672 -0.10076338052749633789 -0.10092779994010925293 -0.10081713646650314331 -0.10038949549198150635 -0.099607601761817932129 -0.09843896329402923584 -0.096855938434600830078 -0.094835892319679260254 -0.092361278831958770752 -0.089419759809970855713 -0.086004324257373809814 -0.082113392651081085205 -0.07775096595287322998 -0.072926759719848632812 -0.067656368017196655273 -0.061961438506841659546 -0.055869869887828826904 -0.049415990710258483887 -0.042640808969736099243 -0.035592205822467803955 -0.028325188905000686646 -0.020902123302221298218 -0.01339296344667673111 -0.005875478498637676239 0.0015645168023183941841 0.0088584264740347862244 0.016000585630536079407 0.022926941514015197754 0.029576728120446205139
-0.10490670055150985718 -0.1038793027400970459 -0.10329744964838027954 -0.10308385640382766724 -0.10316221415996551514 -0.10345777124166488647 -0.10389786958694458008 -0.10441243648529052734 -0.10493433475494384766 -0.10539978742599487305 -0.10574866831302642822 -0.10592477768659591675 -0.10587605834007263184 -0.10555482655763626099 -0.10491795092821121216 -0.10392697155475616455 -0.1025482863187789917 -0.10075325518846511841 -0.098518334329128265381 -0.095825172960758209229 -0.0926607474684715271 -0.089017480611801147461 -0.084893368184566497803 -0.080292105674743652344 -0.075223267078399658203 -0.069702424108982086182 -0.063751362264156341553 -0.057398218661546707153 -0.050677742809057235718 -0.043631464242935180664 -0.036307919770479202271 -0.028762897476553916931 -0.021059647202491760254 -0.013269115239381790161 -0.0054701650515198707581 0.002250198042020201683 0.0098218945786356925964 0.017236744984984397888 0.024428412318229675293 0.031334206461906433105
-0.11336594074964523315 -0.11199994385242462158 -0.11109371483325958252 -0.11056923866271972656 -0.11034937947988510132 -0.11035849153995513916 -0.11052295565605163574 -0.11077166348695755005 -0.11103640496730804443 -0.11125230789184570312 -0.11135812103748321533 -0.11129650473594665527 -0.11101429909467697144 -0.11046271771192550659 -0.10959754884243011475 -0.10837934166193008423 -0.10677352547645568848 -0.10475057363510131836 -0.10228614509105682373 -0.099361173808574676514 -0.095962032675743103027 -0.092080637812614440918 -0.087714590132236480713 -0.082867331802845001221 -0.07754828035831451416 -0.071772992610931396484 -0.065563336014747619629 -0.058947689831256866455 -0.051961150020360946655 -0.044645693153142929077 -0.03705044090747833252 -0.029231855645775794983 -0.021253960207104682922 -0.013188571669161319733 -0.0051155183464288711548 0.002877153223380446434 0.010718047618865966797 0.018396575003862380981 0.025844076648354530334 0.032995879650115966797
-0.12149386107921600342 -0.11979595571756362915 -0.11857135593891143799 -0.11774138361215591431 -0.11722815036773681641 -0.11695518344640731812 -0.11684796959161758423 -0.11683440953493118286 -0.11684532463550567627 -0.1168147847056388855 -0.1166804879903793335 -0.11638401448726654053 -0.11587115377187728882 -0.11509206891059875488 -0.11400154232978820801 -0.11255915462970733643 -0.11072941869497299194 -0.10848197340965270996 -0.10579170286655426025 -0.1026388704776763916 -0.09900926053524017334 -0.094894319772720336914 -0.090291269123554229736 -0.085203297436237335205 -0.07963968813419342041 -0.073615968227386474609 -0.067154109477996826172 -0.06028272584080696106 -0.053037218749523162842 -0.045460030436515808105 -0.037600826472043991089 -0.02951672673225402832 -0.021272504702210426331 -0.012940825894474983215 -0.0046024443581700325012 0.0036535747349262237549 0.011754402890801429749 0.019686596468091011047 0.027379261329770088196 0.034765914082527160645
-0.12928795814514160156 -0.12726493179798126221 -0.12572810053825378418 -0.12459819763898849487 -0.12379663437604904175 -0.12324617058038711548 -0.12287145107984542847 -0.12259948998689651489 -0.12236014753580093384 -0.12208653241395950317 -0.12171532958745956421 -0.12118712812662124634 -0.1204466894268989563 -0.11944320052862167358 -0.11813047528266906738 -0.11646717041730880737 -0.11441694945096969604 -0.11194862425327301025 -0.10903636366128921509 -0.10565977543592453003 -0.10180409997701644897 -0.097460314631462097168 -0.092625305056571960449 -0.087302006781101226807 -0.081499569118022918701 -0.075233511626720428467 -0.068525910377502441406 -0.061405573040246963501 -0.053908243775367736816 -0.046076785773038864136 -0.037961408495903015137 -0.029619853943586349487 -0.021117636933922767639 -0.012528237886726856232 -0.0039333174936473369598 0.0045770718716084957123 0.012928521260619163513 0.02110440470278263092 0.029031589627265930176 0.036641851067543029785
-0.13676269352436065674 -0.13442109525203704834 -0.13257794082164764404 -0.13115343451499938965 -0.13006833195686340332 -0.12924470007419586182 -0.12860642373561859131 -0.12807965278625488281 -0.12759339809417724609 -0.12707982957363128662 -0.1264746934175491333 -0.12571763992309570312 -0.12475246191024780273 -0.12352742254734039307 -0.1219954267144203186 -0.12011425197124481201 -0.11784672737121582031 -0.1151609271764755249 -0.11203030496835708618 -0.10843387246131896973 -0.10435632616281509399 -0.099788211286067962646 -0.094726100564002990723 -0.089172683656215667725 -0.083136990666389465332 -0.076634541153907775879 -0.06968749314546585083 -0.062324877828359603882 -0.054582744836807250977 -0.046504378318786621094 -0.038140501827001571655 -0.029549483209848403931 -0.020797537639737129211 -0.011958943679928779602 -0.0031162409577518701553 0.0056395241990685462952 0.014232361689209938049 0.022641943767666816711 0.030793024227023124695 0.038615737110376358032
-0.1439326852560043335 -0.14127884805202484131 -0.13913506269454956055 -0.13742101192474365234 -0.13605695962905883789 -0.13496427237987518311 -0.13406613469123840332 -0.13328793644905090332 -0.13255786895751953125 -0.13180723786354064941 -0.13097092509269714355 -0.12998765707015991211 -0.1288003772497177124 -0.12735642492771148682 -0.12560784816741943359 -0.12351161986589431763 -0.12102978676557540894 -0.11812969297170639038 -0.11478414386510848999 -0.11097155511379241943 -0.10667613893747329712 -0.10188803821802139282 -0.09660349041223526001 -0.090824991464614868164 -0.084561452269554138184 -0.077828384935855865479 -0.070648059248924255371 -0.063049688935279846191 -0.055069644004106521606 -0.046751614660024642944 -0.038146823644638061523 -0.029314240440726280212 -0.020320763811469078064 -0.011241468600928783417 -0.0021597123704850673676 0.0068325502797961235046 0.015657506883144378662 0.024290841072797775269 0.032655254006385803223 0.040679331868886947632
-0.15081267058849334717 -0.14785270392894744873 -0.14541375637054443359 -0.14341507852077484131 -0.1417764127254486084 -0.14041858911514282227 -0.1392640918493270874 -0.13823764026165008545 -0.13726665079593658447 -0.1362816542387008667 -0.13521668314933776855 -0.1340096592903137207 -0.1326026618480682373 -0.13094221055507659912 -0.12897956371307373047 -0.12667089700698852539 -0.12397753447294235229 -0.12086612731218338013 -0.11730887740850448608 -0.11328364163637161255 -0.10877417027950286865 -0.10377021878957748413 -0.098267734050750732422 -0.092269010841846466064 -0.085782863199710845947 -0.07882480323314666748 -0.071417197585105895996 -0.063589468598365783691 -0.055378276854753494263 -0.046827707439661026001 -0.037989478558301925659 -0.028923133388161659241 -0.019696272909641265869 -0.010384638793766498566 -0.0010724744061008095741 0.0081473719328641891479 0.017195224761962890625 0.026042420417070388794 0.034609679132699966431 0.04282414168119430542
